2 0.6189903846153846 0.49759615384615385 0.3293269230769231 0.12379807692307693
2 0.23918269230769232 0.5 0.37740384615384615 0.18629807692307693
2 0.8894230769230769 0.5168269230769231 0.2127403846153846 0.13341346153846154
2 0.6141826923076923 0.6141826923076923 0.30528846153846156 0.13581730769230768
2 0.875 0.6334134615384616 0.23918269230769232 0.14182692307692307
2 0.2860576923076923 0.6442307692307693 0.3389423076923077 0.12259615384615384
2 0.5889423076923077 0.6959134615384616 0.2776442307692308 0.09975961538461539
2 0.8473557692307693 0.7295673076923077 0.2608173076923077 0.125
2 0.3004807692307692 0.7463942307692307 0.32211538461538464 0.10096153846153846
2 0.3088942307692308 0.1502403846153846 0.38461538461538464 0.18629807692307693
2 0.8966346153846154 0.3317307692307692 0.19471153846153846 0.25600961538461536
2 0.2644230769230769 0.34375 0.38461538461538464 0.21394230769230768
2 0.6274038461538461 0.3473557692307692 0.3557692307692308 0.20552884615384615