2 0.40384615384615385 0.5060096153846154 0.31971153846153844 0.14903846153846154
2 0.7584134615384616 0.4651442307692308 0.375 0.21394230769230768
2 0.13221153846153846 0.5576923076923077 0.25961538461538464 0.15384615384615385
2 0.421875 0.6141826923076923 0.3004807692307692 0.16346153846153846
2 0.1778846153846154 0.6598557692307693 0.24519230769230768 0.15625
2 0.7307692307692307 0.6033653846153846 0.3269230769230769 0.15144230769230768
2 0.45552884615384615 0.6875 0.27163461538461536 0.125
2 0.21754807692307693 0.7475961538461539 0.25961538461538464 0.1466346153846154
2 0.7295673076923077 0.6995192307692307 0.3125 0.12980769230769232
2 0.6538461538461539 0.1466346153846154 0.3798076923076923 0.21394230769230768
2 0.11538461538461539 0.38461538461538464 0.23076923076923078 0.2644230769230769
2 0.7163461538461539 0.32211538461538464 0.38221153846153844 0.24278846153846154
2 0.3786057692307692 0.36778846153846156 0.3557692307692308 0.23317307692307693