2 0.5961538461538461 0.49399038461538464 0.3088942307692308 0.11298076923076923
2 0.23918269230769232 0.4963942307692308 0.3557692307692308 0.17307692307692307
2 0.8725961538461539 0.5120192307692307 0.24639423076923078 0.125
2 0.5913461538461539 0.6033653846153846 0.2860576923076923 0.12860576923076922
2 0.8389423076923077 0.6189903846153846 0.23076923076923078 0.12860576923076922
2 0.28365384615384615 0.6310096153846154 0.3161057692307692 0.11298076923076923
2 0.5673076923076923 0.6802884615384616 0.2620192307692308 0.09495192307692307
2 0.8100961538461539 0.7115384615384616 0.24639423076923078 0.11778846153846154
2 0.296875 0.7259615384615384 0.30288461538461536 0.09254807692307693
2 0.30408653846153844 0.16826923076923078 0.3605769230769231 0.171875
2 0.8798076923076923 0.33774038461538464 0.23076923076923078 0.23918269230769232
2 0.26322115384615385 0.34975961538461536 0.359375 0.19951923076923078
2 0.6045673076923077 0.35336538461538464 0.33413461538461536 0.1935096153846154