2 0.61875 0.4979166666666667 0.32916666666666666 0.1234375
2 0.2388888888888889 0.5 0.3776041666666667 0.1859375
2 0.8895833333333333 0.5166666666666667 0.21232638888888888 0.1329861111111111
2 0.6138888888888889 0.6138888888888889 0.3055555555555556 0.1362847222222222
2 0.875 0.6333333333333333 0.23923611111111112 0.14166666666666666
2 0.2861111111111111 0.6444444444444445 0.3388888888888889 0.12239583333333333
2 0.5888888888888889 0.6958333333333333 0.278125 0.10017361111111112
2 0.8472222222222222 0.7298611111111111 0.2612847222222222 0.125
2 0.30069444444444443 0.7465277777777778 0.32222222222222224 0.10121527777777778
2 0.3090277777777778 0.15 0.38472222222222224 0.1859375
2 0.8965277777777778 0.33194444444444443 0.19444444444444445 0.25538194444444445
2 0.26458333333333334 0.34375 0.38472222222222224 0.21388888888888888
2 0.6270833333333333 0.3472222222222222 0.35555555555555557 0.20520833333333333