2 0.6165865384615384 0.5252403846153846 0.34615384615384615 0.18509615384615385
2 0.2439903846153846 0.45072115384615385 0.40625 0.2548076923076923
2 0.8846153846153846 0.5564903846153846 0.23076923076923078 0.17067307692307693
2 0.6334134615384616 0.4098557692307692 0.3245192307692308 0.19230769230769232
2 0.8810096153846154 0.4411057692307692 0.23798076923076922 0.18509615384615385
2 0.3173076923076923 0.3173076923076923 0.3557692307692308 0.18509615384615385
2 0.625 0.3245192307692308 0.29086538461538464 0.15144230769230768
2 0.8725961538461539 0.34134615384615385 0.2548076923076923 0.17307692307692307
2 0.35096153846153844 0.21995192307692307 0.33653846153846156 0.16105769230769232
2 0.24519230769230768 0.8064903846153846 0.41346153846153844 0.25721153846153844
2 0.8569711538461539 0.7403846153846154 0.2403846153846154 0.28846153846153844
2 0.23918269230769232 0.6081730769230769 0.4182692307692308 0.28365384615384615
2 0.5961538461538461 0.6742788461538461 0.3894230769230769 0.2692307692307692