2 0.5961538461538461 0.5108173076923077 0.3245192307692308 0.1658653846153846
2 0.2439903846153846 0.45072115384615385 0.3798076923076923 0.23317307692307693
2 0.8653846153846154 0.5769230769230769 0.2644230769230769 0.1658653846153846
2 0.5721153846153846 0.6177884615384616 0.30288461538461536 0.17548076923076922
2 0.8137019230769231 0.6754807692307693 0.25 0.1658653846153846
2 0.2644230769230769 0.5913461538461539 0.3317307692307692 0.1658653846153846
2 0.5348557692307693 0.6887019230769231 0.27403846153846156 0.13942307692307693
2 0.7692307692307693 0.7620192307692307 0.2620192307692308 0.15865384615384615
2 0.2608173076923077 0.6875 0.31490384615384615 0.14423076923076922
2 0.3641826923076923 0.13942307692307693 0.38461538461538464 0.23076923076923078
2 0.8834134615384616 0.4050480769230769 0.23317307692307693 0.2764423076923077
2 0.2932692307692308 0.3112980769230769 0.3894230769230769 0.25961538461538464
2 0.6286057692307693 0.3737980769230769 0.3629807692307692 0.24759615384615385