2 0.40384615384615385 0.5108173076923077 0.31490384615384615 0.12980769230769232
2 0.7608173076923077 0.49038461538461536 0.36538461538461536 0.19230769230769232
2 0.12740384615384615 0.5072115384615384 0.25240384615384615 0.13701923076923078
2 0.40384615384615385 0.4014423076923077 0.2932692307692308 0.14423076923076922
2 0.15504807692307693 0.39903846153846156 0.23798076923076922 0.13942307692307693
2 0.7091346153846154 0.3581730769230769 0.32211538461538464 0.12980769230769232
2 0.4230769230769231 0.3233173076923077 0.2668269230769231 0.10817307692307693
2 0.17908653846153846 0.30528846153846156 0.25240384615384615 0.12980769230769232
2 0.6911057692307693 0.26322115384615385 0.3076923076923077 0.10817307692307693
2 0.7127403846153846 0.8209134615384616 0.3701923076923077 0.18990384615384615
2 0.12860576923076922 0.6814903846153846 0.24278846153846154 0.25
2 0.7439903846153846 0.6382211538461539 0.3701923076923077 0.21875
2 0.40384615384615385 0.6514423076923077 0.34375 0.21153846153846154