2 0.38341346153846156 0.47716346153846156 0.34615384615384615 0.18028846153846154
2 0.7572115384615384 0.5456730769230769 0.40384615384615385 0.25
2 0.1141826923076923 0.4495192307692308 0.2283653846153846 0.16826923076923078
2 0.36778846153846156 0.5925480769230769 0.3245192307692308 0.1875
2 0.11778846153846154 0.5661057692307693 0.23557692307692307 0.18028846153846154
2 0.6850961538461539 0.6790865384615384 0.3557692307692308 0.18028846153846154
2 0.3786057692307692 0.6778846153846154 0.29086538461538464 0.1466346153846154
2 0.12860576923076922 0.6658653846153846 0.25721153846153844 0.16826923076923078
2 0.6538461538461539 0.7776442307692307 0.33413461538461536 0.15625
2 0.7487980769230769 0.18870192307692307 0.4110576923076923 0.25
2 0.13822115384615385 0.265625 0.23557692307692307 0.2860576923076923
2 0.7596153846153846 0.3870192307692308 0.41586538461538464 0.2764423076923077
2 0.4014423076923077 0.328125 0.3870192307692308 0.2644230769230769