2 0.40625 0.5204326923076923 0.32211538461538464 0.16105769230769232
2 0.7584134615384616 0.46274038461538464 0.37740384615384615 0.22596153846153846
2 0.12980769230769232 0.546875 0.25961538461538464 0.16105769230769232
2 0.39302884615384615 0.41225961538461536 0.30288461538461536 0.17067307692307693
2 0.1466346153846154 0.43509615384615385 0.24759615384615385 0.16346153846153846
2 0.6935096153846154 0.33653846153846156 0.3293269230769231 0.16105769230769232
2 0.4050480769230769 0.3329326923076923 0.27403846153846156 0.1346153846153846
2 0.16105769230769232 0.3401442307692308 0.2620192307692308 0.15384615384615385
2 0.6658653846153846 0.24519230769230768 0.3125 0.13942307692307693
2 0.7451923076923077 0.796875 0.38221153846153844 0.22596153846153846
2 0.1502403846153846 0.7199519230769231 0.2644230769230769 0.27163461538461536
2 0.7572115384615384 0.6117788461538461 0.3870192307692308 0.25240384615384615
2 0.41947115384615385 0.6610576923076923 0.3605769230769231 0.24278846153846154