2 0.5958333333333333 0.49375 0.3081597222222222 0.11267361111111111
2 0.2388888888888889 0.4965277777777778 0.35555555555555557 0.1734375
2 0.8729166666666667 0.5118055555555555 0.2456597222222222 0.125
2 0.5916666666666667 0.6034722222222222 0.2861111111111111 0.1293402777777778
2 0.8388888888888889 0.61875 0.23055555555555557 0.1293402777777778
2 0.2833333333333333 0.63125 0.3168402777777778 0.11267361111111111
2 0.5673611111111111 0.6805555555555556 0.2623263888888889 0.09427083333333333
2 0.8104166666666667 0.7118055555555556 0.2456597222222222 0.11805555555555555
2 0.2972222222222222 0.7256944444444444 0.30277777777777776 0.09322916666666667
2 0.30416666666666664 0.16805555555555557 0.3609375 0.17239583333333333
2 0.8798611111111111 0.3375 0.23055555555555557 0.2387152777777778
2 0.26319444444444445 0.35 0.35989583333333336 0.1998263888888889
2 0.6048611111111111 0.35347222222222224 0.3345486111111111 0.19288194444444445