2 0.3858173076923077 0.5336538461538461 0.35096153846153844 0.20432692307692307
2 0.7524038461538461 0.4326923076923077 0.41346153846153844 0.2764423076923077
2 0.11899038461538461 0.5829326923076923 0.23798076923076922 0.18509615384615385
2 0.3605769230769231 0.41947115384615385 0.3293269230769231 0.2091346153846154
2 0.11778846153846154 0.4675480769230769 0.23557692307692307 0.19951923076923078
2 0.6694711538461539 0.30528846153846156 0.3581730769230769 0.20673076923076922
2 0.3629807692307692 0.33413461538461536 0.2932692307692308 0.16826923076923078
2 0.12259615384615384 0.36778846153846156 0.24519230769230768 0.1875
2 0.6286057692307693 0.21033653846153846 0.33653846153846156 0.18028846153846154
2 0.7752403846153846 0.7884615384615384 0.4206730769230769 0.27884615384615385
2 0.15985576923076922 0.765625 0.2548076923076923 0.2980769230769231
2 0.7680288461538461 0.5901442307692307 0.42788461538461536 0.30528846153846156
2 0.41586538461538464 0.6802884615384616 0.39663461538461536 0.29086538461538464