2 0.25625 0.5375 0.26510416666666664 0.3109375
2 0.9423611111111111 0.6006944444444444 0.10833333333333334 0.22361111111111112
2 0.6180555555555556 0.7368055555555556 0.2920138888888889 0.35833333333333334
2 0.3548611111111111 0.8402777777777778 0.20416666666666666 0.29739583333333336
2 0.09583333333333334 0.8347222222222223 0.19166666666666668 0.3194444444444444
2 0.8861111111111111 0.8506944444444444 0.221875 0.2876736111111111
2 0.9125 0.19930555555555557 0.16909722222222223 0.27100694444444445
2 0.6444444444444445 0.20208333333333334 0.1859375 0.22361111111111112
2 0.24375 0.2076388888888889 0.24027777777777778 0.23489583333333333
2 0.044444444444444446 0.2125 0.08888888888888889 0.25538194444444445
2 0.4701388888888889 0.38819444444444445 0.20416666666666666 0.2861111111111111
2 0.7861111111111111 0.42083333333333334 0.221875 0.3637152777777778
2 0.03819444444444445 0.5111111111111111 0.0763888888888889 0.26666666666666666