2 0.53359375 0.34921875 0.4421875 0.196875
2 0.196875 0.3265625 0.30390625 0.1921875
2 0.0234375 0.3140625 0.046875 0.178125
2 0.02109375 0.47890625 0.04140625 0.15859375
2 0.0296875 0.62421875 0.059375 0.1421875
2 0.03984375 0.75859375 0.07890625 0.13359375
2 0.18515625 0.50234375 0.2734375 0.15078125
2 0.52109375 0.53671875 0.4484375 0.1875
2 0.490625 0.67578125 0.3328125 0.16015625
2 0.1828125 0.65234375 0.26875 0.1328125
2 0.14453125 0.78203125 0.23984375 0.1140625
2 0.37734375 0.85625 0.5375 0.2875