2 0.68828125 0.0953125 0.134375 0.1265625
2 0.67734375 0.22578125 0.125 0.115625
2 0.778125 0.18046875 0.0890625 0.128125
2 0.61953125 0.328125 0.13125 0.1171875
2 0.57734375 0.21015625 0.078125 0.115625
2 0.58125 0.10703125 0.0734375 0.1
2 0.35390625 0.13671875 0.078125 0.134375
2 0.40390625 0.246875 0.078125 0.0546875
2 0.515625 0.26640625 0.0390625 0.10625
2 0.4671875 0.26328125 0.0453125 0.09375
2 0.40625 0.296875 0.0765625 0.0609375
2 0.43046875 0.36171875 0.046875 0.075
2 0.39140625 0.34609375 0.034375 0.046875
2 0.4625 0.41484375 0.0796875 0.071875
2 0.52421875 0.34296875 0.05625 0.053125
2 0.6265625 0.3953125 0.0828125 0.0796875
2 0.5453125 0.4453125 0.0359375 0.0265625