2 0.696875 0.8984375 0.1375 0.1296875
2 0.6859375 0.7640625 0.128125 0.11875
2 0.7890625 0.8109375 0.0921875 0.13125
2 0.6265625 0.659375 0.134375 0.1203125
2 0.58359375 0.78046875 0.0796875 0.11875
2 0.5875 0.8859375 0.075 0.103125
2 0.35390625 0.85546875 0.0796875 0.1375
2 0.40546875 0.74296875 0.0796875 0.05625
2 0.51953125 0.72265625 0.040625 0.109375
2 0.4703125 0.72578125 0.046875 0.096875
2 0.4078125 0.69140625 0.078125 0.0625
2 0.4328125 0.625 0.0484375 0.0765625
2 0.3921875 0.64140625 0.0359375 0.0484375
2 0.465625 0.5703125 0.08125 0.0734375
2 0.52890625 0.64453125 0.0578125 0.0546875
2 0.63359375 0.590625 0.084375 0.0828125
2 0.55 0.5390625 0.0359375 0.028125