2 0.7421875 0.284375 0.23828125 0.115625
2 0.71953125 0.4328125 0.25390625 0.18125
2 0.70390625 0.565625 0.25078125 0.11875
2 0.22421875 0.24765625 0.1578125 0.209375
2 0.465625 0.42421875 0.21953125 0.2140625
2 0.340625 0.48359375 0.15625 0.15390625
2 0.1796875 0.62421875 0.1640625 0.2078125
2 0.24375 0.41484375 0.1921875 0.16796875
2 0.18828125 0.81953125 0.21796875 0.24453125
2 0.41796875 0.79921875 0.22890625 0.1890625
2 0.42265625 0.61953125 0.22265625 0.1890625
2 0.5546875 0.69921875 0.0625 0.14921875