2 0.30277777777777776 0.3736111111111111 0.17239583333333333 0.20260416666666667
2 0.4395833333333333 0.3798611111111111 0.10555555555555556 0.2015625
2 0.5576388888888889 0.39652777777777776 0.12065972222222222 0.2015625
2 0.8423611111111111 0.4354166666666667 0.1762152777777778 0.2876736111111111
2 0.5625 0.53125 0.13090277777777778 0.14600694444444445
2 0.45416666666666666 0.5326388888888889 0.1390625 0.1734375
2 0.3076388888888889 0.5423611111111111 0.1987847222222222 0.18489583333333334
2 0.7069444444444445 0.6541666666666667 0.12760416666666666 0.25
2 0.5923611111111111 0.6694444444444444 0.10555555555555556 0.171875
2 0.8458333333333333 0.6826388888888889 0.14444444444444443 0.3098958333333333
2 0.5034722222222222 0.7020833333333333 0.17083333333333334 0.21666666666666667
2 0.3125 0.7166666666666667 0.20850694444444445 0.23055555555555557