2 0.4722222222222222 0.2861111111111111 0.16701388888888888 0.278125
2 0.21736111111111112 0.29791666666666666 0.3416666666666667 0.3265625
2 0.6548611111111111 0.4027777777777778 0.21666666666666667 0.1751736111111111
2 0.2152777777777778 0.4798611111111111 0.28020833333333334 0.2515625
2 0.44375 0.4798611111111111 0.1734375 0.14600694444444445
2 0.07916666666666666 0.5743055555555555 0.15833333333333333 0.1987847222222222
2 0.65 0.59375 0.22256944444444443 0.22621527777777778
2 0.86875 0.6791666666666667 0.2569444444444444 0.6390625
2 0.3472222222222222 0.7618055555555555 0.3637152777777778 0.4708333333333333
2 0.14166666666666666 0.8173611111111111 0.28072916666666664 0.35989583333333336
2 0.63125 0.8277777777777777 0.22621527777777778 0.3416666666666667
2 0.6631944444444444 0.21736111111111112 0.22083333333333333 0.2623263888888889