2 0.4675480769230769 0.59375 0.15865384615384615 0.18269230769230768
2 0.32211538461538464 0.4855769230769231 0.14423076923076922 0.15384615384615385
2 0.6430288461538461 0.5480769230769231 0.15625 0.18990384615384615
2 0.49399038461538464 0.4387019230769231 0.22355769230769232 0.21634615384615385
2 0.3125 0.36177884615384615 0.19951923076923078 0.17067307692307693
2 0.6862980769230769 0.43149038461538464 0.1778846153846154 0.1201923076923077
2 0.84375 0.3233173076923077 0.15384615384615385 0.21394230769230768
2 0.5288461538461539 0.24278846153846154 0.20192307692307693 0.20432692307692307
2 0.203125 0.17307692307692307 0.15144230769230768 0.2091346153846154
2 0.35336538461538464 0.20192307692307693 0.21394230769230768 0.21153846153846154
2 0.7007211538461539 0.27524038461538464 0.21875 0.23557692307692307