2 0.2611111111111111 0.2743055555555556 0.15833333333333333 0.18055555555555555
2 0.5527777777777778 0.35555555555555557 0.3723958333333333 0.5440972222222222
2 0.5333333333333333 0.3819444444444444 0.2607638888888889 0.3723958333333333
2 0.5118055555555555 0.4222222222222222 0.15677083333333333 0.18854166666666666
2 0.2569444444444444 0.42430555555555555 0.3109375 0.6126736111111111
2 0.20694444444444443 0.5395833333333333 0.20798611111111112 0.3416666666666667
2 0.4986111111111111 0.5673611111111111 0.3529513888888889 0.6055555555555555
2 0.7895833333333333 0.6006944444444444 0.39600694444444445 0.6487847222222223
2 0.46041666666666664 0.6763888888888889 0.13472222222222222 0.14704861111111112
2 0.7548611111111111 0.71875 0.29583333333333334 0.28177083333333336
2 0.2388888888888889 0.8451388888888889 0.3140625 0.3055555555555556