2 0.5013888888888889 0.4395833333333333 0.10017361111111112 0.12065972222222222
2 0.5083333333333333 0.5777777777777777 0.15833333333333333 0.14444444444444443
2 0.6645833333333333 0.5972222222222222 0.14166666666666666 0.10017361111111112
2 0.36180555555555555 0.6104166666666667 0.1373263888888889 0.08194444444444444
2 0.21041666666666667 0.7381944444444445 0.15138888888888888 0.20694444444444443
2 0.8173611111111111 0.74375 0.15138888888888888 0.1875
2 0.5131944444444444 0.7465277777777778 0.15138888888888888 0.15833333333333333
2 0.6722222222222223 0.7465277777777778 0.16111111111111112 0.15833333333333333
2 0.3597222222222222 0.7479166666666667 0.15572916666666667 0.16805555555555557
2 0.07361111111111111 0.7513888888888889 0.10833333333333334 0.16909722222222223
2 0.9173611111111111 0.7895833333333333 0.10833333333333334 0.14444444444444443