2 0.48819444444444443 0.26458333333333334 0.16111111111111112 0.17083333333333334
2 0.32430555555555557 0.3423611111111111 0.14166666666666666 0.19722222222222222
2 0.6805555555555556 0.3597222222222222 0.14166666666666666 0.08628472222222222
2 0.6777777777777778 0.4618055555555556 0.15520833333333334 0.12065972222222222
2 0.1840277777777778 0.4625 0.14166666666666666 0.1362847222222222
2 0.3125 0.4666666666666667 0.16371527777777778 0.09965277777777778
2 0.8340277777777778 0.47708333333333336 0.1293402777777778 0.09322916666666667
2 0.33055555555555555 0.5958333333333333 0.15520833333333334 0.20260416666666667
2 0.84375 0.6048611111111111 0.22899305555555555 0.2876736111111111
2 0.1763888888888889 0.6118055555555556 0.25 0.21666666666666667
2 0.6756944444444445 0.6236111111111111 0.19010416666666666 0.21979166666666666