2 0.49158653846153844 0.4014423076923077 0.13221153846153846 0.16346153846153846
2 0.3245192307692308 0.47115384615384615 0.12259615384615384 0.13701923076923078
2 0.6502403846153846 0.4879807692307692 0.12980769230769232 0.17067307692307693
2 0.47836538461538464 0.5576923076923077 0.1971153846153846 0.1875
2 0.28365384615384615 0.5889423076923077 0.18028846153846154 0.14423076923076922
2 0.6646634615384616 0.6117788461538461 0.1658653846153846 0.09375
2 0.7908653846153846 0.7548076923076923 0.12259615384615384 0.1971153846153846
2 0.46634615384615385 0.7560096153846154 0.17548076923076922 0.1778846153846154
2 0.13341346153846154 0.7451923076923077 0.12259615384615384 0.19230769230769232
2 0.2860576923076923 0.7536057692307693 0.1875 0.18509615384615385
2 0.6394230769230769 0.7668269230769231 0.1875 0.2091346153846154