2 0.4495192307692308 0.25240384615384615 0.1045673076923077 0.12740384615384615
2 0.5625 0.2548076923076923 0.11538461538461539 0.13701923076923078
2 0.8641826923076923 0.37740384615384615 0.1935096153846154 0.14423076923076922
2 0.19591346153846154 0.41466346153846156 0.25961538461538464 0.2091346153846154
2 0.5384615384615384 0.4723557692307692 0.328125 0.296875
2 0.8557692307692307 0.5036057692307693 0.15865384615384615 0.171875
2 0.10216346153846154 0.5588942307692307 0.14182692307692307 0.15865384615384615
2 0.25961538461538464 0.5829326923076923 0.16826923076923078 0.16826923076923078
2 0.8629807692307693 0.6165865384615384 0.17307692307692307 0.15384615384615385
2 0.5072115384615384 0.07091346153846154 0.11778846153846154 0.12139423076923077
2 0.5324519230769231 0.7259615384615384 0.1502403846153846 0.15865384615384615
2 0.5805288461538461 0.8149038461538461 0.10576923076923077 0.09134615384615384
2 0.4879807692307692 0.8245192307692307 0.11778846153846154 0.10576923076923077
2 0.8497596153846154 0.8317307692307693 0.1875 0.24759615384615385
2 0.19110576923076922 0.8425480769230769 0.24278846153846154 0.24278846153846154
2 0.5889423076923077 0.8822115384615384 0.10576923076923077 0.09495192307692307
2 0.4879807692307692 0.921875 0.15144230769230768 0.11899038461538461
2 0.5504807692307693 0.15985576923076922 0.09134615384615384 0.10576923076923077
2 0.46153846153846156 0.16105769230769232 0.09134615384615384 0.11778846153846154
2 0.19471153846153846 0.17307692307692307 0.2800480769230769 0.31971153846153844
2 0.8473557692307693 0.17548076923076922 0.23557692307692307 0.21995192307692307