2 0.4579326923076923 0.7487980769230769 0.10817307692307693 0.12980769230769232
2 0.5709134615384616 0.7427884615384616 0.1201923076923077 0.14182692307692307
2 0.8677884615384616 0.609375 0.19951923076923078 0.15144230769230768
2 0.19951923076923078 0.5961538461538461 0.2668269230769231 0.21875
2 0.5396634615384616 0.5264423076923077 0.3389423076923077 0.3076923076923077
2 0.8557692307692307 0.484375 0.16346153846153846 0.1778846153846154
2 0.09975961538461539 0.45552884615384615 0.1466346153846154 0.16346153846153846
2 0.25721153846153844 0.4254807692307692 0.17307692307692307 0.17307692307692307
2 0.8581730769230769 0.3713942307692308 0.1778846153846154 0.15865384615384615
2 0.5216346153846154 0.9290865384615384 0.12259615384615384 0.125
2 0.5240384615384616 0.27283653846153844 0.15625 0.16346153846153846
2 0.5697115384615384 0.18269230769230768 0.10817307692307693 0.09615384615384616
2 0.47716346153846156 0.17668269230769232 0.12259615384615384 0.11057692307692307
2 0.8377403846153846 0.15625 0.1971153846153846 0.2548076923076923
2 0.17908653846153846 0.16826923076923078 0.25 0.25
2 0.5757211538461539 0.11538461538461539 0.10817307692307693 0.0985576923076923
2 0.4735576923076923 0.07932692307692307 0.15625 0.125
2 0.5625 0.8377403846153846 0.09615384615384616 0.10817307692307693
2 0.4735576923076923 0.8401442307692307 0.09615384615384616 0.1201923076923077
2 0.20552884615384615 0.8365384615384616 0.29086538461538464 0.3269230769230769
2 0.8581730769230769 0.8125 0.24278846153846154 0.2283653846153846