2 0.8703125 0.09375 0.115625 0.1875
2 0.765625 0.10234375 0.1 0.20390625
2 0.5828125 0.12578125 0.284375 0.2515625
2 0.2890625 0.13203125 0.22890625 0.23359375
2 0.22890625 0.34921875 0.10859375 0.2015625
2 0.4375 0.378125 0.2671875 0.2953125
2 0.64375 0.33671875 0.15234375 0.26015625
2 0.76640625 0.30859375 0.0953125 0.2
2 0.8640625 0.26015625 0.12421875 0.2046875
2 0.8359375 0.45078125 0.0875 0.1984375
2 0.896875 0.4171875 0.0640625 0.1796875
2 0.89375 0.5609375 0.05234375 0.15390625
2 0.8375 0.615625 0.09375 0.16171875
2 0.81171875 0.7796875 0.075 0.16640625
2 0.86953125 0.7265625 0.0703125 0.13046875
2 0.7484375 0.49453125 0.1 0.190625
2 0.7375 0.6703125 0.0953125 0.184375
2 0.7421875 0.82421875 0.084375 0.2
2 0.6390625 0.53671875 0.11171875 0.25703125
2 0.4359375 0.6234375 0.2703125 0.2203125
2 0.25 0.54375 0.1 0.13203125
2 0.2421875 0.71640625 0.11484375 0.2
2 0.2640625 0.8953125 0.14296875 0.13671875
2 0.434375 0.80859375 0.2859375 0.203125
2 0.46796875 0.9421875 0.23984375 0.115625
2 0.64296875 0.9015625 0.1078125 0.196875
2 0.6375 0.74453125 0.11953125 0.2203125