2 0.26640625 0.1875 0.53203125 0.375
2 0.2703125 0.5765625 0.540625 0.3953125
2 0.26796875 0.85078125 0.5359375 0.2984375
2 0.60703125 0.18359375 0.125 0.3671875
2 0.60546875 0.55 0.134375 0.35703125
2 0.5984375 0.8609375 0.125 0.278125
2 0.76796875 0.8203125 0.2296875 0.35859375
2 0.78125 0.5140625 0.24765625 0.28984375
2 0.759375 0.21796875 0.2015625 0.33359375
2 0.925 0.3046875 0.10546875 0.215625
2 0.921875 0.490625 0.1109375 0.19375
2 0.91640625 0.69453125 0.103125 0.1953125
2 0.98984375 0.6390625 0.0203125 0.1734375
2 0.98359375 0.48828125 0.03203125 0.153125
2 0.9875 0.34296875 0.025 0.1453125