2 0.26640625 0.1796875 0.5328125 0.359375
2 0.2703125 0.56015625 0.540625 0.3953125
2 0.26796875 0.8421875 0.5359375 0.315625
2 0.60703125 0.17578125 0.125 0.3515625
2 0.60546875 0.534375 0.134375 0.35625
2 0.5984375 0.85234375 0.125 0.2953125
2 0.7703125 0.81015625 0.2265625 0.365625
2 0.78125 0.49765625 0.2484375 0.2890625
2 0.759375 0.2015625 0.2015625 0.334375
2 0.925 0.28828125 0.10625 0.215625
2 0.921875 0.47421875 0.1109375 0.19375
2 0.91640625 0.678125 0.103125 0.1953125
2 0.98984375 0.62265625 0.0203125 0.1734375
2 0.98359375 0.471875 0.0328125 0.153125
2 0.9875 0.32578125 0.025 0.1453125