2 0.1078125 0.09140625 0.1953125 0.15703125
2 0.20390625 0.03046875 0.1734375 0.06015625
2 0.63125 0.034375 0.30234375 0.06875
2 0.90625 0.09453125 0.18125 0.1890625
2 0.87265625 0.19765625 0.23828125 0.15234375
2 0.865625 0.559375 0.196875 0.1765625
2 0.7359375 0.428125 0.1390625 0.175
2 0.58125 0.32109375 0.09765625 0.10078125
2 0.54921875 0.246875 0.08828125 0.07578125
2 0.45859375 0.1828125 0.09921875 0.10078125
2 0.3859375 0.18515625 0.06953125 0.08046875
2 0.30703125 0.25 0.07265625 0.06953125
2 0.3828125 0.30078125 0.11328125 0.08515625
2 0.26484375 0.35390625 0.1265625 0.11328125
2 0.50546875 0.38828125 0.134375 0.11171875
2 0.55078125 0.48203125 0.125 0.12109375
2 0.61328125 0.3953125 0.07421875 0.06953125
2 0.6359375 0.640625 0.24296875 0.20625
2 0.875 0.7921875 0.25 0.2140625
2 0.6296875 0.83515625 0.28046875 0.2015625
2 0.659375 0.93515625 0.2859375 0.12890625
2 0.3296875 0.61953125 0.31015625 0.27265625
2 0.1984375 0.59140625 0.28984375 0.234375
2 0.146875 0.4921875 0.22578125 0.2171875
2 0.09921875 0.42890625 0.1984375 0.1984375
2 0.309375 0.11484375 0.10546875 0.13515625
2 0.24296875 0.121875 0.10859375 0.1609375
2 0.190625 0.20234375 0.06953125 0.07734375
2 0.1734375 0.27421875 0.128125 0.12109375
2 0.0828125 0.19921875 0.165625 0.09296875
2 0.0625 0.28046875 0.125 0.10078125
2 0.59453125 0.1125 0.35 0.1609375
2 0.8453125 0.31640625 0.30859375 0.27421875