2 0.8984375 0.903125 0.1984375 0.159375
2 0.8015625 0.9671875 0.1765625 0.065625
2 0.3671875 0.96328125 0.30703125 0.0734375
2 0.08984375 0.9015625 0.1796875 0.196875
2 0.121875 0.79453125 0.2421875 0.1546875
2 0.12890625 0.42734375 0.2 0.1796875
2 0.26015625 0.5609375 0.14140625 0.178125
2 0.4171875 0.66953125 0.09921875 0.10234375
2 0.45 0.7453125 0.08984375 0.07734375
2 0.5421875 0.809375 0.10078125 0.10234375
2 0.615625 0.80703125 0.0703125 0.08203125
2 0.69609375 0.7421875 0.0734375 0.07109375
2 0.61875 0.68984375 0.11484375 0.08671875
2 0.7390625 0.63671875 0.12890625 0.11484375
2 0.49453125 0.60078125 0.13671875 0.11328125
2 0.4484375 0.50625 0.12734375 0.12265625
2 0.384375 0.59375 0.07578125 0.07109375
2 0.36171875 0.34453125 0.246875 0.209375
2 0.12265625 0.19140625 0.2453125 0.2171875
2 0.36796875 0.146875 0.28515625 0.2046875
2 0.33828125 0.05546875 0.290625 0.1109375
2 0.6734375 0.36640625 0.31484375 0.27734375
2 0.80625 0.3953125 0.29453125 0.23828125
2 0.859375 0.4953125 0.2296875 0.2203125
2 0.903125 0.56015625 0.19375 0.2015625
2 0.69375 0.87890625 0.10703125 0.1375
2 0.76171875 0.871875 0.11015625 0.1640625
2 0.8140625 0.78984375 0.0703125 0.07890625
2 0.83125 0.7171875 0.13046875 0.12265625
2 0.91953125 0.79375 0.1609375 0.09375
2 0.940625 0.7109375 0.11875 0.10234375
2 0.40390625 0.88125 0.35625 0.1640625
2 0.1515625 0.6765625 0.303125 0.27890625