2 0.0984375 0.02578125 0.196875 0.0515625
2 0.103125 0.12265625 0.20546875 0.1328125
2 0.13828125 0.2734375 0.26171875 0.14765625
2 0.13671875 0.4171875 0.20625 0.12734375
2 0.153125 0.54453125 0.27109375 0.13359375
2 0.17265625 0.65546875 0.23203125 0.12265625
2 0.2171875 0.778125 0.25546875 0.11640625
2 0.44453125 0.76015625 0.24453125 0.10546875
2 0.6703125 0.74609375 0.21953125 0.09921875
2 0.86328125 0.71875 0.1515625 0.08203125
2 0.87890625 0.61484375 0.2421875 0.10859375
2 0.65390625 0.64453125 0.27265625 0.11015625
2 0.415625 0.65859375 0.27109375 0.11953125
2 0.415625 0.528125 0.24921875 0.09765625
2 0.3734375 0.41328125 0.27734375 0.13203125
2 0.41015625 0.26640625 0.26640625 0.13671875
2 0.33515625 0.1328125 0.23046875 0.12578125
2 0.56328125 0.1234375 0.21953125 0.11640625
2 0.665625 0.26171875 0.23828125 0.12734375
2 0.87265625 0.25703125 0.18125 0.12265625
2 0.86171875 0.38359375 0.21953125 0.12890625
2 0.86484375 0.5 0.1828125 0.10390625
2 0.65390625 0.52265625 0.24140625 0.12109375
2 0.640625 0.40234375 0.23359375 0.12890625
2 0.72265625 0.09453125 0.18125 0.10546875
2 0.7015625 0.0203125 0.18515625 0.040625
2 0.5078125 0.0203125 0.2015625 0.040625
2 0.6109375 0.03125 0.0078125 0.009375
2 0.30546875 0.021875 0.2328125 0.04375
2 0.3140625 0.06796875 0.2203125 0.03125
2 0.52578125 0.0515625 0.2125 0.0359375