2 0.0921875 0.978125 0.184375 0.04375
2 0.096875 0.88515625 0.19375 0.1328125
2 0.12734375 0.7359375 0.25390625 0.14921875
2 0.12421875 0.590625 0.20625 0.12734375
2 0.14140625 0.4640625 0.27109375 0.13359375
2 0.1609375 0.353125 0.23203125 0.12265625
2 0.2046875 0.23046875 0.25546875 0.11640625
2 0.43203125 0.2484375 0.24453125 0.10546875
2 0.65859375 0.26171875 0.21953125 0.09921875
2 0.85078125 0.2890625 0.1515625 0.08203125
2 0.86953125 0.38984375 0.24453125 0.11015625
2 0.64140625 0.36328125 0.27265625 0.11015625
2 0.403125 0.35 0.27109375 0.11953125
2 0.403125 0.4796875 0.24921875 0.09765625
2 0.36171875 0.59453125 0.27734375 0.13203125
2 0.3984375 0.74140625 0.26640625 0.13671875
2 0.32265625 0.87578125 0.23046875 0.12578125
2 0.5515625 0.884375 0.21953125 0.11640625
2 0.65390625 0.74609375 0.23828125 0.12734375
2 0.8609375 0.7515625 0.18125 0.12265625
2 0.84921875 0.62421875 0.21953125 0.12890625
2 0.85234375 0.5078125 0.1828125 0.10390625
2 0.64140625 0.48515625 0.24140625 0.12109375
2 0.628125 0.60546875 0.23359375 0.12890625
2 0.71015625 0.91328125 0.18125 0.10546875
2 0.68984375 0.98359375 0.18515625 0.03203125
2 0.49609375 0.98359375 0.2015625 0.03203125
2 0.59921875 0.97734375 0.0078125 0.009375
2 0.29453125 0.98203125 0.23359375 0.0359375
2 0.3015625 0.93984375 0.2203125 0.03125
2 0.51328125 0.95625 0.2125 0.0359375