2 0.503125 0.80625 0.17578125 0.178125
2 0.49609375 0.63203125 0.1890625 0.1828125
2 0.496875 0.496875 0.2 0.14921875
2 0.5171875 0.3265625 0.16015625 0.18125
2 0.50234375 0.17578125 0.17734375 0.14921875
2 0.65234375 0.65078125 0.125 0.190625
2 0.653125 0.48359375 0.1203125 0.15546875
2 0.6484375 0.328125 0.1109375 0.15234375
2 0.6515625 0.18984375 0.1203125 0.12109375
2 0.93984375 0.66953125 0.11953125 0.1984375
2 0.93359375 0.48359375 0.13203125 0.20625
2 0.85 0.50703125 0.0984375 0.1796875
2 0.85078125 0.6875 0.109375 0.16875
2 0.76953125 0.690625 0.09375 0.1875
2 0.7578125 0.5390625 0.07890625 0.16875