2 0.38203125 0.15078125 0.4421875 0.3015625
2 0.34296875 0.4171875 0.6859375 0.29765625
2 0.409375 0.653125 0.60234375 0.2796875
2 0.3421875 0.8359375 0.6765625 0.30234375
2 0.784375 0.7625 0.29375 0.275
2 0.80078125 0.55390625 0.28125 0.2875
2 0.78515625 0.36953125 0.33984375 0.22109375
2 0.7421875 0.1578125 0.34296875 0.2546875
2 0.91953125 0.134375 0.1609375 0.17734375
2 0.93828125 0.26796875 0.1234375 0.1234375
2 0.96484375 0.43359375 0.0703125 0.15703125
2 0.9546875 0.62421875 0.090625 0.2890625