2 0.384375 0.82734375 0.43046875 0.30078125
2 0.340625 0.56484375 0.68125 0.290625
2 0.41171875 0.334375 0.5875 0.27265625
2 0.34609375 0.15546875 0.66015625 0.29453125
2 0.77734375 0.228125 0.28671875 0.26796875
2 0.79296875 0.43125 0.27421875 0.28046875
2 0.778125 0.6109375 0.33203125 0.215625
2 0.73671875 0.81796875 0.334375 0.2484375
2 0.915625 0.84140625 0.16875 0.1734375
2 0.93359375 0.709375 0.1328125 0.12109375
2 0.959375 0.5484375 0.08046875 0.153125
2 0.94921875 0.36328125 0.10078125 0.28203125