2 0.3671875 0.8484375 0.43828125 0.303125
2 0.334375 0.58203125 0.66796875 0.2953125
2 0.39375 0.34765625 0.596875 0.27734375
2 0.33203125 0.1703125 0.6640625 0.29921875
2 0.765625 0.23984375 0.29140625 0.27265625
2 0.78125 0.44609375 0.27890625 0.28515625
2 0.76640625 0.62890625 0.33671875 0.21875
2 0.72421875 0.83984375 0.33984375 0.25234375
2 0.9046875 0.8609375 0.175 0.175
2 0.9234375 0.72578125 0.13671875 0.12265625
2 0.9546875 0.565625 0.08984375 0.15546875
2 0.94453125 0.37734375 0.1109375 0.28671875