2 0.209375 0.8453125 0.415625 0.309375
2 0.2328125 0.76640625 0.4109375 0.3234375
2 0.5515625 0.68515625 0.1890625 0.15625
2 0.553125 0.821875 0.0984375 0.1265625
2 0.73203125 0.18828125 0.203125 0.1296875
2 0.78359375 0.303125 0.1390625 0.115625
2 0.58984375 0.3203125 0.209375 0.0984375
2 0.59140625 0.24296875 0.171875 0.0828125
2 0.44375 0.27734375 0.1421875 0.128125
2 0.21171875 0.296875 0.3703125 0.0703125
2 0.07109375 0.36015625 0.1421875 0.1375
2 0.26953125 0.37890625 0.2953125 0.109375
2 0.43515625 0.396875 0.14375 0.1296875
2 0.56171875 0.40625 0.140625 0.1625
2 0.81484375 0.609375 0.3703125 0.553125
2 0.10234375 0.52734375 0.2046875 0.196875
2 0.2875 0.5015625 0.1640625 0.1484375
2 0.48671875 0.5296875 0.2640625 0.1453125
2 0.19375 0.078125 0.3578125 0.0859375
2 0.15234375 0.184375 0.2609375 0.13125
2 0.509375 0.18671875 0.2875 0.15
2 0.75 0.06875 0.1421875 0.1375
2 0.52265625 0.0625 0.1765625 0.090625