2 0.67890625 0.2734375 0.21875 0.27734375
2 0.84453125 0.34375 0.11796875 0.22890625
2 0.9484375 0.4203125 0.10234375 0.16015625
2 0.9421875 0.5609375 0.115625 0.121875
2 0.68203125 0.54765625 0.209375 0.26484375
2 0.83828125 0.52109375 0.11171875 0.1390625
2 0.83359375 0.66015625 0.14296875 0.159375
2 0.9359375 0.7140625 0.0828125 0.15
2 0.67734375 0.79140625 0.225 0.24765625
2 0.828125 0.87109375 0.08203125 0.2578125
2 0.75 0.95859375 0.065625 0.0828125
2 0.92890625 0.840625 0.09765625 0.1453125
2 0.99609375 0.7828125 0.0078125 0.28671875
2 0.921875 0.9484375 0.08203125 0.10234375
2 0.98359375 0.96328125 0.0328125 0.0734375
2 0.11640625 0.4359375 0.09921875 0.07890625
2 0.50625 0.565625 0.1671875 0.27890625
2 0.40078125 0.46171875 0.071875 0.05234375