2 0.22596153846153846 0.23197115384615385 0.12259615384615384 0.078125
2 0.625 0.18389423076923078 0.12379807692307693 0.07692307692307693
2 0.14302884615384615 0.31490384615384615 0.15625 0.08413461538461539
2 0.5 0.265625 0.1201923076923077 0.07572115384615384
2 0.7307692307692307 0.30408653846153844 0.1201923076923077 0.07572115384615384
2 0.09495192307692307 0.4050480769230769 0.12259615384615384 0.07572115384615384
2 0.5853365384615384 0.3485576923076923 0.15745192307692307 0.08653846153846154
2 0.17908653846153846 0.4879807692307692 0.16105769230769232 0.08413461538461539
2 0.41346153846153844 0.49278846153846156 0.12139423076923077 0.078125
2 0.7572115384615384 0.4879807692307692 0.12139423076923077 0.07692307692307693
2 0.8401442307692307 0.5661057692307693 0.15985576923076922 0.0829326923076923
2 0.24879807692307693 0.6009615384615384 0.12259615384615384 0.08052884615384616
2 0.48197115384615385 0.625 0.1201923076923077 0.07572115384615384
2 0.6418269230769231 0.6790865384615384 0.12379807692307693 0.08052884615384616
2 0.3954326923076923 0.7055288461538461 0.15504807692307693 0.08774038461538461
2 0.7259615384615384 0.7632211538461539 0.15985576923076922 0.08173076923076923
2 0.41225961538461536 0.7956730769230769 0.1814903846153846 0.10336538461538461
2 0.7055288461538461 0.8521634615384616 0.1778846153846154 0.10576923076923077
2 0.5649038461538461 0.4362980769230769 0.17908653846153846 0.10576923076923077
2 0.40384615384615385 0.9038461538461539 0.2091346153846154 0.14423076923076922
2 0.17427884615384615 0.7103365384615384 0.11177884615384616 0.15384615384615385
2 0.23677884615384615 0.8822115384615384 0.12139423076923077 0.14543269230769232