2 0.40384615384615385 0.49399038461538464 0.31971153846153844 0.14903846153846154
2 0.7584134615384616 0.5348557692307693 0.375 0.21394230769230768
2 0.13221153846153846 0.4423076923076923 0.25961538461538464 0.15384615384615385
2 0.421875 0.3858173076923077 0.3004807692307692 0.16346153846153846
2 0.1778846153846154 0.3401442307692308 0.24519230769230768 0.15625
2 0.7307692307692307 0.39663461538461536 0.3269230769230769 0.15144230769230768
2 0.45552884615384615 0.3125 0.27163461538461536 0.125
2 0.21754807692307693 0.25240384615384615 0.25961538461538464 0.1466346153846154
2 0.7295673076923077 0.3004807692307692 0.3125 0.12980769230769232
2 0.6538461538461539 0.8533653846153846 0.3798076923076923 0.21394230769230768
2 0.11538461538461539 0.6129807692307693 0.23076923076923078 0.2644230769230769
2 0.7163461538461539 0.6778846153846154 0.38221153846153844 0.24278846153846154
2 0.3786057692307692 0.6322115384615384 0.3557692307692308 0.23317307692307693