2 0.5949519230769231 0.515625 0.3269230769230769 0.18028846153846154
2 0.24639423076923078 0.4375 0.38461538461538464 0.24759615384615385
2 0.8605769230769231 0.5949519230769231 0.2692307692307692 0.1778846153846154
2 0.5661057692307693 0.6213942307692307 0.3076923076923077 0.18990384615384615
2 0.8040865384615384 0.6923076923076923 0.2548076923076923 0.1778846153846154
2 0.25961538461538464 0.5793269230769231 0.33413461538461536 0.18028846153846154
2 0.5252403846153846 0.6911057692307693 0.2764423076923077 0.15144230769230768
2 0.7548076923076923 0.7764423076923077 0.2668269230769231 0.17067307692307693
2 0.2512019230769231 0.6742788461538461 0.31490384615384615 0.15865384615384615
2 0.38341346153846156 0.13221153846153846 0.3894230769230769 0.24759615384615385
2 0.8834134615384616 0.4266826923076923 0.23317307692307693 0.2860576923076923
2 0.30288461538461536 0.3004807692307692 0.3942307692307692 0.2764423076923077
2 0.6346153846153846 0.38100961538461536 0.3701923076923077 0.2644230769230769