2 0.38221153846153844 0.5180288461538461 0.34615384615384615 0.18028846153846154
2 0.7572115384615384 0.4543269230769231 0.40384615384615385 0.25
2 0.11899038461538461 0.5841346153846154 0.23317307692307693 0.16826923076923078
2 0.4074519230769231 0.6322115384615384 0.3245192307692308 0.1875
2 0.15384615384615385 0.6959134615384616 0.25961538461538464 0.18028846153846154
2 0.7355769230769231 0.6045673076923077 0.3557692307692308 0.18028846153846154
2 0.44591346153846156 0.7079326923076923 0.29086538461538464 0.1466346153846154
2 0.19831730769230768 0.7860576923076923 0.27884615384615385 0.16826923076923078
2 0.7391826923076923 0.7079326923076923 0.33413461538461536 0.15625
2 0.6262019230769231 0.12379807692307693 0.4110576923076923 0.24759615384615385
2 0.0985576923076923 0.4026442307692308 0.1971153846153846 0.2860576923076923
2 0.7043269230769231 0.30528846153846156 0.41586538461538464 0.2764423076923077
2 0.3485576923076923 0.3713942307692308 0.3870192307692308 0.2644230769230769