2 0.22083333333333333 0.50625 0.2720486111111111 0.3151041666666667
2 0.9326388888888889 0.5708333333333333 0.1265625 0.22795138888888888
2 0.5923611111111111 0.7090277777777778 0.3012152777777778 0.3626736111111111
2 0.32222222222222224 0.8145833333333333 0.20850694444444445 0.3055555555555556
2 0.07777777777777778 0.8201388888888889 0.15555555555555556 0.3486111111111111
2 0.875 0.8368055555555556 0.24409722222222222 0.3151041666666667
2 0.9013888888888889 0.1597222222222222 0.1890625 0.28020833333333334
2 0.61875 0.16319444444444445 0.19010416666666666 0.22899305555555555
2 0.20902777777777778 0.16805555555555557 0.2484375 0.24131944444444445
2 0.025 0.1736111111111111 0.05 0.2611111111111111
2 0.4409722222222222 0.35347222222222224 0.20954861111111112 0.29305555555555557
2 0.7645833333333333 0.3861111111111111 0.22621527777777778 0.36961805555555555
2 0.019444444444444445 0.47847222222222224 0.03871527777777778 0.2737847222222222