2 0.5484375 0.6328125 0.42421875 0.1890625
2 0.225 0.6546875 0.2921875 0.184375
2 0.03984375 0.665625 0.0796875 0.171875
2 0.03828125 0.5078125 0.07578125 0.15234375
2 0.04609375 0.36796875 0.0921875 0.1359375
2 0.05625 0.23984375 0.11171875 0.128125
2 0.21328125 0.48515625 0.2625 0.14453125
2 0.5359375 0.45234375 0.43046875 0.1796875
2 0.50703125 0.31953125 0.31953125 0.15390625
2 0.2109375 0.34140625 0.2578125 0.12734375
2 0.17421875 0.2171875 0.23046875 0.109375
2 0.39765625 0.1421875 0.515625 0.284375