2 0.6875 0.88359375 0.13125 0.1234375
2 0.6765625 0.75546875 0.121875 0.11328125
2 0.775 0.8 0.08671875 0.125
2 0.6203125 0.65546875 0.128125 0.11484375
2 0.57890625 0.77109375 0.07578125 0.11328125
2 0.5828125 0.871875 0.07109375 0.09765625
2 0.3609375 0.84296875 0.07578125 0.13125
2 0.41015625 0.73515625 0.07578125 0.053125
2 0.51875 0.71640625 0.03828125 0.10390625
2 0.471875 0.71953125 0.04375 0.09140625
2 0.4125 0.68671875 0.07421875 0.059375
2 0.4359375 0.62265625 0.0453125 0.0734375
2 0.39765625 0.63828125 0.03359375 0.04609375
2 0.4671875 0.57109375 0.07734375 0.0703125
2 0.52734375 0.64140625 0.0546875 0.0515625
2 0.62734375 0.58984375 0.08046875 0.078125
2 0.54765625 0.54140625 0.03515625 0.02578125