2 0.1875 0.2923611111111111 0.375 0.3265625
2 0.4486111111111111 0.29097222222222224 0.16909722222222223 0.20954861111111112
2 0.4527777777777778 0.5263888888888889 0.171875 0.28072916666666664
2 0.6166666666666667 0.5458333333333333 0.14166666666666666 0.21666666666666667
2 0.8305555555555556 0.5777777777777777 0.3362847222222222 0.34965277777777776
2 0.18263888888888888 0.6104166666666667 0.36527777777777776 0.3416666666666667
2 0.19722222222222222 0.07361111111111111 0.28072916666666664 0.1362847222222222
2 0.5479166666666667 0.7979166666666667 0.2904513888888889 0.30277777777777776
2 0.20069444444444445 0.8104166666666667 0.3987847222222222 0.14444444444444443
2 0.85 0.8506944444444444 0.29739583333333336 0.2015625
2 0.8451388888888889 0.20069444444444445 0.30711805555555555 0.39444444444444443