2 0.29097222222222224 0.20555555555555555 0.13194444444444445 0.22517361111111112
2 0.8090277777777778 0.2388888888888889 0.21232638888888888 0.1998263888888889
2 0.24166666666666667 0.3388888888888889 0.15520833333333334 0.2607638888888889
2 0.5645833333333333 0.3388888888888889 0.08732638888888888 0.19722222222222222
2 0.9097222222222222 0.3486111111111111 0.18055555555555555 0.26944444444444443
2 0.5020833333333333 0.38125 0.06510416666666667 0.3819444444444444
2 0.26319444444444445 0.4486111111111111 0.1734375 0.21128472222222222
2 0.9798611111111111 0.4722222222222222 0.03611111111111111 0.15572916666666667
2 0.1763888888888889 0.5708333333333333 0.08090277777777778 0.28020833333333334
2 0.9194444444444444 0.5819444444444445 0.15572916666666667 0.25538194444444445
2 0.9736111111111111 0.6201388888888889 0.05017361111111111 0.16805555555555557
2 0.27152777777777776 0.625 0.14600694444444445 0.19444444444444445