2 0.32569444444444445 0.33194444444444443 0.19010416666666666 0.23333333333333334
2 0.7020833333333333 0.3416666666666667 0.19444444444444445 0.19444444444444445
2 0.81875 0.35208333333333336 0.16805555555555557 0.1265625
2 0.49375 0.375 0.16267361111111112 0.23055555555555557
2 0.8638888888888889 0.4173611111111111 0.21128472222222222 0.1265625
2 0.8194444444444444 0.5215277777777778 0.20260416666666667 0.15138888888888888
2 0.6548611111111111 0.5395833333333333 0.1762152777777778 0.26944444444444443
2 0.30625 0.5458333333333333 0.21388888888888888 0.28020833333333334
2 0.14027777777777778 0.6097222222222223 0.2748263888888889 0.2861111111111111
2 0.8340277777777778 0.6333333333333333 0.22621527777777778 0.1859375
2 0.4652777777777778 0.6659722222222222 0.3001736111111111 0.3345486111111111