2 0.44471153846153844 0.2536057692307692 0.10576923076923077 0.12980769230769232
2 0.5576923076923077 0.2536057692307692 0.11778846153846154 0.13942307692307693
2 0.8617788461538461 0.3713942307692308 0.1971153846153846 0.1466346153846154
2 0.19471153846153846 0.41947115384615385 0.2644230769230769 0.21394230769230768
2 0.5384615384615384 0.47115384615384615 0.33413461538461536 0.30288461538461536
2 0.8557692307692307 0.49759615384615385 0.16105769230769232 0.17548076923076922
2 0.10336538461538461 0.5661057692307693 0.14423076923076922 0.16105769230769232
2 0.2608173076923077 0.5865384615384616 0.17067307692307693 0.17067307692307693
2 0.8653846153846154 0.6105769230769231 0.17548076923076922 0.15625
2 0.5 0.07091346153846154 0.1201923076923077 0.12259615384615384
2 0.5360576923076923 0.7259615384615384 0.15384615384615385 0.16105769230769232
2 0.5865384615384616 0.8137019230769231 0.10817307692307693 0.09375
2 0.49399038461538464 0.8245192307692307 0.1201923076923077 0.10817307692307693
2 0.8557692307692307 0.8257211538461539 0.19230769230769232 0.25
2 0.1971153846153846 0.8473557692307693 0.24759615384615385 0.24759615384615385
2 0.5961538461538461 0.8810096153846154 0.10817307692307693 0.09615384615384616
2 0.4951923076923077 0.921875 0.15384615384615385 0.12259615384615384
2 0.5444711538461539 0.15865384615384615 0.09375 0.10817307692307693
2 0.45552884615384615 0.1622596153846154 0.09375 0.1201923076923077
2 0.18870192307692307 0.1778846153846154 0.2860576923076923 0.3245192307692308
2 0.8413461538461539 0.16947115384615385 0.2403846153846154 0.22355769230769232