2 0.1527777777777778 0.5111111111111111 0.29739583333333336 0.2526041666666667
2 0.4222222222222222 0.5152777777777777 0.22256944444444443 0.33350694444444445
2 0.8604166666666667 0.5152777777777777 0.20954861111111112 0.28072916666666664
2 0.6451388888888889 0.5479166666666667 0.20954861111111112 0.3151041666666667
2 0.8784722222222222 0.8104166666666667 0.19444444444444445 0.2569444444444444
2 0.6166666666666667 0.8236111111111111 0.3081597222222222 0.28072916666666664
2 0.14652777777777778 0.8243055555555555 0.24027777777777778 0.25972222222222224
2 0.3736111111111111 0.8458333333333333 0.1918402777777778 0.30277777777777776
2 0.35833333333333334 0.18541666666666667 0.24409722222222222 0.3125
2 0.6083333333333333 0.1875 0.2387152777777778 0.28020833333333334
2 0.12708333333333333 0.19930555555555557 0.18055555555555555 0.25972222222222224
2 0.8548611111111111 0.21180555555555555 0.20416666666666666 0.32222222222222224