2 0.6923611111111111 0.36666666666666664 0.18489583333333334 0.17777777777777778
2 0.21875 0.3770833333333333 0.2569444444444444 0.28177083333333336
2 0.39166666666666666 0.4625 0.08350694444444444 0.1831597222222222
2 0.8375 0.55625 0.125 0.21232638888888888
2 0.26180555555555557 0.5611111111111111 0.14878472222222222 0.1751736111111111
2 0.1284722222222222 0.6541666666666667 0.13472222222222222 0.34427083333333336
2 0.6791666666666667 0.6625 0.1918402777777778 0.4137152777777778
2 0.29097222222222224 0.7305555555555555 0.23333333333333334 0.2640625
2 0.8340277777777778 0.7763888888888889 0.2861111111111111 0.3168402777777778
2 0.4930555555555556 0.7791666666666667 0.22795138888888888 0.17777777777777778
2 0.22708333333333333 0.19583333333333333 0.1762152777777778 0.15243055555555557
2 0.7305555555555555 0.24513888888888888 0.25538194444444445 0.10121527777777778