2 0.4930555555555556 0.5215277777777778 0.09166666666666666 0.1234375
2 0.38472222222222224 0.5645833333333333 0.14704861111111112 0.11805555555555555
2 0.75 0.6361111111111111 0.14982638888888888 0.2387152777777778
2 0.9 0.6708333333333333 0.1751736111111111 0.2526041666666667
2 0.3715277777777778 0.6777777777777778 0.13472222222222222 0.11961805555555556
2 0.5166666666666667 0.6875 0.18055555555555555 0.14166666666666666
2 0.81875 0.6875 0.16805555555555557 0.203125
2 0.12361111111111112 0.7520833333333333 0.20850694444444445 0.21822916666666667
2 0.5118055555555555 0.7909722222222222 0.13194444444444445 0.1373263888888889
2 0.3763888888888889 0.7958333333333333 0.1390625 0.14166666666666666
2 0.2743055555555556 0.8208333333333333 0.1293402777777778 0.153125
2 0.8451388888888889 0.8631944444444445 0.2763888888888889 0.21388888888888888
2 0.17083333333333334 0.9131944444444444 0.21927083333333333 0.16805555555555557