2 0.1390625 0.896875 0.1125 0.1953125
2 0.23984375 0.89296875 0.09921875 0.2140625
2 0.42265625 0.86875 0.28203125 0.26171875
2 0.71328125 0.8578125 0.22734375 0.23203125
2 0.7734375 0.64140625 0.1078125 0.2
2 0.56640625 0.61328125 0.265625 0.29296875
2 0.3609375 0.65390625 0.15078125 0.2578125
2 0.23984375 0.68203125 0.09453125 0.1984375
2 0.14296875 0.7296875 0.1234375 0.203125
2 0.1703125 0.540625 0.08671875 0.196875
2 0.11015625 0.57421875 0.0640625 0.17890625
2 0.11328125 0.43125 0.0515625 0.15234375
2 0.16875 0.37734375 0.09296875 0.16015625
2 0.19453125 0.21484375 0.07421875 0.16484375
2 0.1375 0.2671875 0.0703125 0.1296875
2 0.25703125 0.496875 0.09921875 0.1890625
2 0.26875 0.3234375 0.09453125 0.1828125
2 0.26328125 0.1703125 0.08359375 0.1984375
2 0.365625 0.45546875 0.1109375 0.2546875
2 0.56796875 0.36953125 0.26796875 0.21796875
2 0.7515625 0.4484375 0.09921875 0.13125
2 0.759375 0.27734375 0.1140625 0.1984375
2 0.73828125 0.1 0.14140625 0.1359375
2 0.56953125 0.1859375 0.28359375 0.2015625
2 0.5359375 0.05546875 0.23828125 0.1109375
2 0.36328125 0.0953125 0.10703125 0.190625
2 0.36796875 0.24921875 0.11875 0.21796875