2 0.86484375 0.09921875 0.1125 0.1953125
2 0.7640625 0.10546875 0.09921875 0.21015625
2 0.58125 0.12890625 0.28203125 0.2578125
2 0.290625 0.13828125 0.22734375 0.23203125
2 0.23125 0.3546875 0.1078125 0.2
2 0.4375 0.3828125 0.265625 0.29296875
2 0.64296875 0.3421875 0.15078125 0.2578125
2 0.7640625 0.3140625 0.09453125 0.1984375
2 0.8609375 0.26640625 0.1234375 0.203125
2 0.83359375 0.45546875 0.08671875 0.196875
2 0.89375 0.421875 0.0640625 0.17890625
2 0.890625 0.5640625 0.0515625 0.15234375
2 0.83515625 0.61875 0.09296875 0.16015625
2 0.809375 0.78125 0.07421875 0.16484375
2 0.86640625 0.728125 0.0703125 0.1296875
2 0.746875 0.4984375 0.09921875 0.1890625
2 0.73515625 0.67265625 0.09453125 0.1828125
2 0.740625 0.82578125 0.08359375 0.1984375
2 0.63828125 0.540625 0.1109375 0.2546875
2 0.4359375 0.6265625 0.26796875 0.21796875
2 0.25234375 0.54765625 0.09921875 0.13125
2 0.24453125 0.71875 0.1140625 0.1984375
2 0.265625 0.89609375 0.14140625 0.1359375
2 0.434375 0.81015625 0.28359375 0.2015625
2 0.46796875 0.9421875 0.23828125 0.11484375
2 0.64140625 0.90234375 0.1078125 0.1953125
2 0.6359375 0.746875 0.11875 0.21796875