2 0.2734375 0.184375 0.546875 0.36875
2 0.27890625 0.56953125 0.55703125 0.3859375
2 0.28203125 0.8453125 0.53984375 0.309375
2 0.62109375 0.18046875 0.12265625 0.3609375
2 0.61953125 0.54140625 0.1328125 0.35078125
2 0.6125 0.8546875 0.121875 0.290625
2 0.78203125 0.81328125 0.22265625 0.36015625
2 0.7921875 0.50546875 0.24375 0.28515625
2 0.77109375 0.2140625 0.1984375 0.328125
2 0.934375 0.29921875 0.103125 0.2125
2 0.93125 0.4828125 0.109375 0.190625
2 0.92578125 0.68359375 0.1015625 0.1921875
2 0.99375 0.62890625 0.01171875 0.1703125
2 0.98828125 0.48046875 0.0234375 0.15078125
2 0.9921875 0.3375 0.015625 0.14296875