2 0.0921875 0.978125 0.184375 0.04375
2 0.096875 0.88515625 0.19375 0.1328125
2 0.12734375 0.7359375 0.2546875 0.15
2 0.12421875 0.590625 0.20625 0.128125
2 0.14140625 0.4640625 0.271875 0.134375
2 0.1609375 0.353125 0.2328125 0.1234375
2 0.2046875 0.23046875 0.25625 0.1171875
2 0.43203125 0.2484375 0.2453125 0.10625
2 0.65859375 0.26171875 0.2203125 0.1
2 0.85078125 0.2890625 0.1515625 0.0828125
2 0.86953125 0.38984375 0.2453125 0.1109375
2 0.64140625 0.36328125 0.2734375 0.1109375
2 0.403125 0.35 0.271875 0.1203125
2 0.403125 0.4796875 0.2484375 0.0984375
2 0.36171875 0.59453125 0.278125 0.1328125
2 0.3984375 0.74140625 0.2671875 0.1375
2 0.32265625 0.87578125 0.23125 0.1265625
2 0.5515625 0.884375 0.21875 0.1171875
2 0.65390625 0.74609375 0.2390625 0.128125
2 0.8609375 0.7515625 0.18125 0.121875
2 0.84921875 0.62421875 0.2203125 0.1296875
2 0.85234375 0.5078125 0.1828125 0.1046875
2 0.64140625 0.48515625 0.2421875 0.121875
2 0.628125 0.60546875 0.234375 0.1296875
2 0.71015625 0.91328125 0.18125 0.10625
2 0.68984375 0.98359375 0.184375 0.0328125
2 0.49609375 0.98359375 0.2015625 0.0328125
2 0.59921875 0.97734375 0.0078125 0.009375
2 0.29453125 0.98203125 0.234375 0.0359375
2 0.3015625 0.93984375 0.2203125 0.03125
2 0.51328125 0.95625 0.2125 0.0359375