2 0.903125 0.02421875 0.19375 0.0484375
2 0.89921875 0.11875 0.2015625 0.1328125
2 0.865625 0.26953125 0.26171875 0.14765625
2 0.86796875 0.41328125 0.20625 0.12734375
2 0.85078125 0.540625 0.27109375 0.13359375
2 0.83125 0.6515625 0.23203125 0.12265625
2 0.78671875 0.7734375 0.25546875 0.11640625
2 0.559375 0.75625 0.24453125 0.10546875
2 0.33359375 0.7421875 0.21953125 0.09921875
2 0.14140625 0.71484375 0.1515625 0.08203125
2 0.12265625 0.6140625 0.24453125 0.11015625
2 0.35078125 0.640625 0.27265625 0.11015625
2 0.58828125 0.6546875 0.27109375 0.11953125
2 0.58828125 0.52421875 0.24921875 0.09765625
2 0.63046875 0.409375 0.27734375 0.13203125
2 0.59375 0.2625 0.26640625 0.13671875
2 0.66875 0.12890625 0.23046875 0.12578125
2 0.440625 0.11953125 0.21953125 0.11640625
2 0.33828125 0.2578125 0.23828125 0.12734375
2 0.13125 0.25234375 0.18125 0.12265625
2 0.14296875 0.3796875 0.21953125 0.12890625
2 0.13984375 0.49609375 0.1828125 0.10390625
2 0.35078125 0.51875 0.24140625 0.12109375
2 0.36328125 0.3984375 0.23359375 0.12890625
2 0.28125 0.090625 0.18125 0.10546875
2 0.30234375 0.01796875 0.18515625 0.0359375
2 0.49609375 0.01796875 0.2015625 0.0359375
2 0.39296875 0.02734375 0.0078125 0.009375
2 0.69765625 0.0203125 0.23359375 0.040625
2 0.68984375 0.0640625 0.2203125 0.03125
2 0.478125 0.04765625 0.2125 0.0359375