2 0.8546875 0.64375 0.0765625 0.05
2 0.8625 0.7046875 0.0953125 0.08125
2 0.84296875 0.7640625 0.096875 0.071875
2 0.8453125 0.81953125 0.0984375 0.0828125
2 0.84296875 0.871875 0.096875 0.08125
2 0.71796875 0.17890625 0.115625 0.0953125
2 0.7046875 0.259375 0.1078125 0.090625
2 0.71015625 0.340625 0.08125 0.075
2 0.71796875 0.42421875 0.1 0.0796875
2 0.70703125 0.4984375 0.096875 0.06875
2 0.709375 0.57421875 0.0921875 0.0859375
2 0.70703125 0.65625 0.08125 0.071875
2 0.7140625 0.72421875 0.1015625 0.0671875
2 0.70703125 0.78828125 0.0625 0.0671875
2 0.7046875 0.84453125 0.0703125 0.0859375
2 0.7015625 0.909375 0.0453125 0.084375
2 0.70546875 0.9734375 0.06875 0.053125
2 0.78046875 0.68046875 0.065625 0.0859375
2 0.7671875 0.75078125 0.0765625 0.0765625
2 0.76484375 0.8265625 0.05625 0.084375
2 0.7703125 0.89609375 0.0703125 0.0640625
2 0.7703125 0.965625 0.0609375 0.06875
2 0.96171875 0.92734375 0.028125 0.0640625
2 0.12421875 0.05078125 0.09375 0.1015625
2 0.05859375 0.05703125 0.0859375 0.1140625
2 0.01796875 0.0484375 0.0359375 0.096875
2 0.0140625 0.18515625 0.028125 0.1421875
2 0.046875 0.17578125 0.046875 0.1390625
2 0.11328125 0.1734375 0.0984375 0.146875
2 0.0140625 0.30703125 0.028125 0.1265625
2 0.0921875 0.3171875 0.125 0.159375
2 0.0203125 0.4328125 0.040625 0.134375
2 0.13984375 0.46171875 0.1890625 0.1421875
2 0.02265625 0.56484375 0.0453125 0.1453125
2 0.1203125 0.5875 0.1375 0.134375
2 0.03046875 0.68671875 0.0609375 0.1296875
2 0.0328125 0.8109375 0.065625 0.1265625
2 0.12421875 0.725 0.1109375 0.153125
2 0.12734375 0.853125 0.1140625 0.16875
2 0.04296875 0.9390625 0.0859375 0.121875
2 0.13046875 0.953125 0.10625 0.09375
2 0.19921875 0.05703125 0.0484375 0.1140625
2 0.20546875 0.17734375 0.0796875 0.1234375
2 0.221875 0.31171875 0.05625 0.1421875
2 0.4265625 0.1078125 0.0328125 0.115625
2 0.39296875 0.1 0.0703125 0.13125
2 0.359375 0.08359375 0.04375 0.1203125
2 0.325 0.0765625 0.05625 0.1375
2 0.2703125 0.07109375 0.053125 0.1421875
2 0.26640625 0.1859375 0.0328125 0.140625
2 0.3046875 0.19296875 0.05 0.1359375
2 0.34375 0.196875 0.03125 0.146875
2 0.375 0.20078125 0.028125 0.1421875
2 0.4109375 0.215625 0.03125 0.13125
2 0.43515625 0.2265625 0.0171875 0.140625
2 0.45546875 0.11328125 0.025 0.1265625
2 0.47578125 0.11484375 0.03125 0.1234375
2 0.45546875 0.2203125 0.021875 0.1375
2 0.478125 0.22734375 0.0421875 0.1234375
2 0.271875 0.3234375 0.046875 0.14375
2 0.31328125 0.31640625 0.0390625 0.1234375
2 0.35 0.3171875 0.040625 0.146875
2 0.38359375 0.3203125 0.0359375 0.109375
2 0.41953125 0.33046875 0.0265625 0.0921875
2 0.446875 0.33046875 0.0265625 0.0953125
2 0.48203125 0.3203125 0.05 0.109375
2 0.25703125 0.45390625 0.0609375 0.1453125
2 0.29921875 0.44453125 0.0359375 0.1453125
2 0.32890625 0.44296875 0.0328125 0.1359375
2 0.3640625 0.45625 0.0375 0.115625
2 0.39140625 0.4421875 0.0515625 0.103125
2 0.43671875 0.434375 0.03125 0.115625
2 0.22109375 0.5953125 0.0640625 0.1125
2 0.20390625 0.72265625 0.0453125 0.1328125
2 0.21328125 0.8484375 0.0421875 0.11875
2 0.2171875 0.959375 0.053125 0.08125
2 0.2609375 0.57109375 0.028125 0.1015625
2 0.24765625 0.709375 0.0453125 0.128125
2 0.25234375 0.83671875 0.0453125 0.1171875
2 0.26640625 0.9453125 0.0375 0.109375
2 0.2984375 0.5828125 0.028125 0.134375
2 0.28828125 0.6953125 0.0515625 0.128125
2 0.29609375 0.80703125 0.0265625 0.1046875
2 0.3 0.9375 0.0375 0.109375
2 0.33984375 0.921875 0.0390625 0.096875
2 0.37109375 0.89375 0.0359375 0.10625
2 0.4078125 0.8703125 0.021875 0.121875
2 0.4390625 0.8625 0.01875 0.1125
2 0.46796875 0.8453125 0.028125 0.11875
2 0.3359375 0.803125 0.065625 0.121875
2 0.5203125 0.15546875 0.0484375 0.0921875
2 0.56484375 0.1640625 0.021875 0.06875
2 0.34296875 0.5625 0.0578125 0.13125
2 0.3546875 0.684375 0.075 0.1125
2 0.371875 0.9734375 0.028125 0.053125
2 0.40625 0.965625 0.0328125 0.06875
2 0.44453125 0.95078125 0.0609375 0.0984375
2 0.50234375 0.93828125 0.05 0.0890625
2 0.53515625 0.92890625 0.015625 0.0890625
2 0.5609375 0.921875 0.0328125 0.09375
2 0.5796875 0.91171875 0.0296875 0.0734375
2 0.60390625 0.89921875 0.025 0.0734375
2 0.62734375 0.878125 0.03125 0.0625
2 0.65234375 0.871875 0.015625 0.06875
2 0.53671875 0.98125 0.0328125 0.0375
2 0.575 0.97734375 0.0203125 0.0453125
2 0.59921875 0.965625 0.0125 0.06875
2 0.62109375 0.9609375 0.0171875 0.078125
2 0.6609375 0.94609375 0.0171875 0.0703125
2 0.64453125 0.9546875 0.01875 0.059375
2 0.6 0.175 0.0328125 0.09375
2 0.53046875 0.24140625 0.053125 0.0890625
2 0.56484375 0.240625 0.0375 0.096875
2 0.6015625 0.25078125 0.0265625 0.0890625
2 0.6328125 0.17890625 0.0265625 0.0671875
2 0.63515625 0.259375 0.03125 0.084375
2 0.52578125 0.3328125 0.04375 0.075
2 0.58515625 0.3375 0.040625 0.071875
2 0.62734375 0.33203125 0.034375 0.0609375
2 0.4734375 0.4203125 0.0484375 0.065625
2 0.5234375 0.41171875 0.0359375 0.0671875
2 0.47265625 0.46640625 0.04375 0.0328125
2 0.41015625 0.5546875 0.0359375 0.11875
2 0.41171875 0.665625 0.0203125 0.109375
2 0.39765625 0.78203125 0.0390625 0.1140625
2 0.44140625 0.7640625 0.0453125 0.078125
2 0.4484375 0.6515625 0.0484375 0.109375
2 0.45625 0.5421875 0.0375 0.1125
2 0.49375 0.53515625 0.0328125 0.1140625
2 0.49453125 0.64375 0.028125 0.090625
2 0.5015625 0.7609375 0.0359375 0.10625
2 0.540625 0.8453125 0.0265625 0.078125
2 0.5640625 0.83515625 0.0140625 0.0703125
2 0.58828125 0.8234375 0.015625 0.090625
2 0.60703125 0.8109375 0.009375 0.075
2 0.62421875 0.8109375 0.01875 0.090625
2 0.6515625 0.79296875 0.0109375 0.0859375
2 0.53515625 0.75390625 0.034375 0.0859375
2 0.56328125 0.75546875 0.021875 0.0796875
2 0.5859375 0.7375 0.0359375 0.0875
2 0.6203125 0.72734375 0.0328125 0.0703125
2 0.6515625 0.73203125 0.0296875 0.0703125
2 0.5203125 0.68671875 0.0359375 0.0890625
2 0.5484375 0.67109375 0.0296875 0.0890625
2 0.57578125 0.665625 0.028125 0.103125
2 0.5953125 0.66171875 0.0328125 0.1046875
2 0.61953125 0.6546875 0.021875 0.08125
2 0.65703125 0.6515625 0.05 0.084375
2 0.528125 0.60546875 0.0484375 0.0828125
2 0.56328125 0.5984375 0.009375 0.096875
2 0.58984375 0.58515625 0.021875 0.1078125
2 0.61328125 0.58984375 0.021875 0.0953125
2 0.6390625 0.58515625 0.0328125 0.0828125
2 0.528125 0.53046875 0.0484375 0.0953125
2 0.56875 0.51328125 0.0390625 0.0859375
2 0.609375 0.5203125 0.0484375 0.0875
2 0.640625 0.50703125 0.0296875 0.0796875
2 0.5703125 0.4203125 0.0296875 0.0875
2 0.6 0.434375 0.0359375 0.0875
2 0.634375 0.43203125 0.0390625 0.0921875