2 0.1109375 0.36171875 0.078125 0.0515625
2 0.103125 0.3 0.096875 0.0828125
2 0.12265625 0.23984375 0.0984375 0.0734375
2 0.1203125 0.18359375 0.1 0.084375
2 0.12265625 0.1296875 0.0984375 0.0828125
2 0.25 0.83515625 0.1171875 0.096875
2 0.26328125 0.753125 0.109375 0.0921875
2 0.2578125 0.6703125 0.0828125 0.0765625
2 0.25 0.58515625 0.1015625 0.08125
2 0.2609375 0.51015625 0.0984375 0.0703125
2 0.25859375 0.4328125 0.09375 0.0875
2 0.2609375 0.34921875 0.0828125 0.0734375
2 0.25390625 0.28046875 0.103125 0.06875
2 0.2609375 0.21484375 0.0625 0.06875
2 0.26328125 0.1578125 0.071875 0.0875
2 0.26640625 0.0921875 0.046875 0.0859375
2 0.26328125 0.02734375 0.0703125 0.0546875
2 0.1859375 0.325 0.0671875 0.0875
2 0.2 0.253125 0.0765625 0.078125
2 0.20234375 0.17578125 0.0578125 0.0859375
2 0.196875 0.10546875 0.071875 0.065625
2 0.19609375 0.03515625 0.0609375 0.0703125
2 0.00859375 0.07421875 0.0171875 0.0671875
2 0.853125 0.95625 0.0953125 0.0875
2 0.9203125 0.95078125 0.0875 0.0984375
2 0.97109375 0.95859375 0.0578125 0.0828125
2 0.965625 0.8265625 0.0328125 0.1453125
2 0.99375 0.83046875 0.0125 0.125
2 0.93125 0.83828125 0.0484375 0.1421875
2 0.8640625 0.840625 0.1 0.15
2 0.99609375 0.7015625 0.0078125 0.11875
2 0.96953125 0.7015625 0.0453125 0.1296875
2 0.88515625 0.69453125 0.1265625 0.1609375
2 0.99609375 0.57109375 0.0078125 0.1234375
2 0.96171875 0.57421875 0.0546875 0.1390625
2 0.83671875 0.546875 0.1921875 0.1453125
2 0.9671875 0.44296875 0.065625 0.1484375
2 0.85703125 0.41953125 0.140625 0.1375
2 0.95859375 0.31796875 0.0828125 0.1328125
2 0.95625 0.1921875 0.0875 0.128125
2 0.853125 0.2796875 0.1125 0.15625
2 0.85 0.14921875 0.115625 0.171875
2 0.94609375 0.0625 0.1078125 0.125
2 0.846875 0.04765625 0.1078125 0.0953125
2 0.77734375 0.95078125 0.0484375 0.0984375
2 0.7703125 0.83671875 0.08125 0.1265625
2 0.753125 0.7 0.0578125 0.1453125
2 0.54609375 0.90703125 0.0328125 0.11875
2 0.5796875 0.91484375 0.071875 0.134375
2 0.6140625 0.93203125 0.04375 0.1234375
2 0.65078125 0.9359375 0.0546875 0.128125
2 0.7046875 0.9359375 0.0546875 0.128125
2 0.70859375 0.82734375 0.0328125 0.14375
2 0.66953125 0.8203125 0.0515625 0.1390625
2 0.6296875 0.81640625 0.03125 0.15
2 0.59765625 0.8125 0.028125 0.1453125
2 0.5609375 0.79765625 0.03125 0.134375
2 0.53671875 0.78671875 0.01875 0.14375
2 0.51640625 0.9015625 0.025 0.1296875
2 0.49609375 0.9 0.03125 0.1265625
2 0.51640625 0.79296875 0.021875 0.140625
2 0.49375 0.7859375 0.04375 0.1265625
2 0.70234375 0.6875 0.046875 0.146875
2 0.66015625 0.6953125 0.040625 0.1265625
2 0.6234375 0.69453125 0.0421875 0.1484375
2 0.5890625 0.69140625 0.0359375 0.1109375
2 0.55234375 0.68046875 0.0265625 0.09375
2 0.52578125 0.68046875 0.0265625 0.096875
2 0.48984375 0.69140625 0.0515625 0.1109375
2 0.71796875 0.55546875 0.0625 0.1484375
2 0.675 0.56484375 0.0359375 0.1484375
2 0.64453125 0.56640625 0.0328125 0.1390625
2 0.60859375 0.553125 0.0390625 0.11875
2 0.58125 0.5671875 0.0515625 0.1046875
2 0.5359375 0.575 0.03125 0.1171875
2 0.7546875 0.4109375 0.065625 0.1140625
2 0.771875 0.28203125 0.046875 0.1359375
2 0.7625 0.15390625 0.04375 0.121875
2 0.75859375 0.04140625 0.0546875 0.0828125
2 0.7140625 0.4359375 0.028125 0.103125
2 0.72734375 0.2953125 0.046875 0.13125
2 0.72265625 0.165625 0.046875 0.1203125
2 0.709375 0.05625 0.0375 0.1125
2 0.67578125 0.42421875 0.028125 0.1375
2 0.6859375 0.309375 0.0515625 0.13125
2 0.678125 0.19609375 0.0265625 0.10625
2 0.67421875 0.06328125 0.0390625 0.1109375
2 0.63359375 0.07890625 0.0390625 0.0984375
2 0.6015625 0.1078125 0.0359375 0.1078125
2 0.5640625 0.13125 0.021875 0.125
2 0.5328125 0.13984375 0.01875 0.1140625
2 0.50390625 0.15703125 0.028125 0.121875
2 0.6375 0.2 0.0671875 0.125
2 0.45078125 0.85859375 0.05 0.09375
2 0.40546875 0.85 0.021875 0.0703125
2 0.63046875 0.44453125 0.059375 0.134375
2 0.61875 0.32109375 0.075 0.1140625
2 0.60234375 0.02734375 0.0296875 0.0546875
2 0.56640625 0.03515625 0.0328125 0.0703125
2 0.52734375 0.05 0.0609375 0.1
2 0.46875 0.0625 0.0515625 0.090625
2 0.4359375 0.071875 0.015625 0.090625
2 0.409375 0.07890625 0.0328125 0.0953125
2 0.390625 0.08984375 0.0296875 0.075
2 0.365625 0.10234375 0.025 0.075
2 0.3421875 0.1234375 0.03125 0.0640625
2 0.31640625 0.1296875 0.015625 0.06875
2 0.43359375 0.01875 0.0328125 0.0375
2 0.39453125 0.02265625 0.0203125 0.0453125
2 0.36953125 0.03515625 0.0125 0.0703125
2 0.346875 0.0390625 0.015625 0.078125
2 0.3078125 0.0546875 0.0171875 0.071875
2 0.32421875 0.04609375 0.01875 0.0609375
2 0.36953125 0.8390625 0.0328125 0.0953125
2 0.440625 0.77109375 0.0546875 0.090625
2 0.40546875 0.771875 0.0375 0.0984375
2 0.36796875 0.76171875 0.0265625 0.090625
2 0.33671875 0.83515625 0.0265625 0.06875
2 0.33359375 0.753125 0.03125 0.0859375
2 0.4453125 0.678125 0.0453125 0.0765625
2 0.38515625 0.6734375 0.040625 0.0734375
2 0.3421875 0.67890625 0.034375 0.0625
2 0.4984375 0.5890625 0.05 0.0671875
2 0.44765625 0.5984375 0.0359375 0.0671875
2 0.49921875 0.5421875 0.0453125 0.034375
2 0.56171875 0.45234375 0.0359375 0.121875
2 0.56015625 0.33984375 0.0203125 0.1109375
2 0.575 0.22109375 0.0390625 0.1171875
2 0.53046875 0.23984375 0.046875 0.0796875
2 0.52421875 0.35390625 0.05 0.1109375
2 0.51484375 0.465625 0.0375 0.1140625
2 0.478125 0.47265625 0.0328125 0.1171875
2 0.47734375 0.36171875 0.028125 0.0921875
2 0.46953125 0.24296875 0.0359375 0.1078125
2 0.43046875 0.15703125 0.0265625 0.0796875
2 0.40625 0.1671875 0.0140625 0.071875
2 0.38203125 0.17890625 0.015625 0.0921875
2 0.3625 0.1921875 0.009375 0.0765625
2 0.3453125 0.1921875 0.0203125 0.0921875
2 0.3171875 0.21015625 0.0109375 0.0875
2 0.4359375 0.25 0.034375 0.0875
2 0.40703125 0.2484375 0.021875 0.08125
2 0.384375 0.26640625 0.0359375 0.0890625
2 0.34921875 0.27734375 0.0328125 0.071875
2 0.3171875 0.271875 0.0296875 0.071875
2 0.45078125 0.31796875 0.0359375 0.090625
2 0.421875 0.334375 0.0296875 0.090625
2 0.39453125 0.33984375 0.028125 0.1046875
2 0.37421875 0.34375 0.0328125 0.10625
2 0.35 0.35078125 0.021875 0.0828125
2 0.31171875 0.35390625 0.0515625 0.0859375
2 0.44296875 0.40078125 0.05 0.084375
2 0.40703125 0.4078125 0.009375 0.0984375
2 0.38046875 0.421875 0.021875 0.109375
2 0.35625 0.4171875 0.021875 0.096875
2 0.3296875 0.421875 0.0328125 0.084375
2 0.44296875 0.47734375 0.05 0.096875
2 0.4015625 0.49453125 0.0390625 0.0875
2 0.36015625 0.4875 0.05 0.0890625
2 0.328125 0.50078125 0.0296875 0.08125
2 0.4 0.5890625 0.0296875 0.0890625
2 0.36953125 0.575 0.0359375 0.0890625
2 0.33515625 0.57734375 0.0390625 0.09375