2 0.4984375 0.2078125 0.17734375 0.1796875
2 0.4921875 0.3828125 0.190625 0.184375
2 0.49296875 0.5203125 0.2015625 0.15078125
2 0.51328125 0.69140625 0.16171875 0.1828125
2 0.49765625 0.84375 0.17890625 0.15078125
2 0.64921875 0.36484375 0.1265625 0.1921875
2 0.65 0.5328125 0.12109375 0.15703125
2 0.6453125 0.68984375 0.11171875 0.15390625
2 0.6484375 0.8296875 0.12109375 0.121875
2 0.9390625 0.3453125 0.121875 0.2
2 0.9328125 0.5328125 0.134375 0.209375
2 0.8484375 0.51015625 0.09921875 0.18125
2 0.84921875 0.328125 0.11015625 0.16953125
2 0.76796875 0.325 0.09453125 0.1890625
2 0.75546875 0.4765625 0.0796875 0.16953125