3 0.08300328432250634 0.7074299870822222 0.10371150496239874 0.08201502583555573
3 0.18146005500067078 0.7223445126334374 0.09419095574818703 0.07867182028847228
3 0.27671905107172934 0.7357692733670136 0.10378427956950453 0.08357752583555574
3 0.3768110963569996 0.7522099313270483 0.09426373035529281 0.08023432028847229
3 0.10540051509208395 0.634173671827743 0.09411818114108117 0.07710932028847228
3 0.19199298655603667 0.6462359543128123 0.09746150496239876 0.08186955547083344
3 0.2896321199306482 0.660387413659618 0.09248290653397531 0.0755104526972918
3 0.3866355525194714 0.6776820568020137 0.09277400496239867 0.08176045269729179
3 0.11760510855810866 0.5603724959159374 0.0956079065339753 0.07558318787965276
3 0.20728619271850843 0.5715807932186456 0.09724318114108117 0.07718205547083343
3 0.3042168507002258 0.5873129363610414 0.09255568114108118 0.0770729526972918
3 0.39407987137839023 0.6024274836637498 0.11017982878371627 0.08684799620027786
3 0.13731398697032143 0.49656391584381937 0.08608735731976358 0.0722399823325695
3 0.22368813461295659 0.5039386983288887 0.0987329065339753 0.07565592306201392
3 0.3173846306840152 0.5173998266536456 0.0862329065339753 0.0753649823325695
3 0.41413335214796787 0.5292257197960414 0.0924829065339754 0.0755104526972918
3 0.15137217886476956 0.4289763723408332 0.08913958271265772 0.07075021751493064
3 0.2377099392038518 0.4355699048259026 0.08921235731976358 0.07231271751493065
3 0.32813588606069866 0.4459787683330205 0.08943068114108117 0.07700021751493047
3 0.42023349482820427 0.458695014248958 0.08764985731976367 0.07227634992374998
3 0.6243603384991168 0.7777320357161106 0.10585620181924557 0.09455139342673621
3 0.7256681273742462 0.7698993922893743 0.10400260339082212 0.08826502583555573
3 0.8253770289458229 0.7613218664538188 0.10251287799792799 0.08979115824437507
3 0.9344973178209524 0.7533073850711798 0.11501287799792799 0.09008209897381966
3 0.6064043970189534 0.6944655940367357 0.10690927956950454 0.0836502610179167
3 0.7045144112869771 0.6851431857923606 0.10847177956950453 0.08368662860909737
3 0.8042960874656595 0.6781281599568049 0.10690927956950454 0.0836502610179167
3 0.9097284501621065 0.6748920975521173 0.11948205417661058 0.08550370174736113
3 0.5888851031814252 0.6205741523573607 0.10676373035529281 0.08052526101791671
3 0.683016092842343 0.609780163090937 0.10036818114108108 0.07725479065319459
3 0.7797091563245783 0.6036191224377424 0.10981595574818712 0.07903549620027803
3 0.8794908325032609 0.5966040966021868 0.10690927956950488 0.0836502610179167
3 0.5689856720403441 0.5459560120647564 0.10349318114108108 0.07732752583555573
3 0.6624809609154735 0.538305206593923 0.10512845574818712 0.07892639342673605
3 0.7543773624870502 0.5299095187142703 0.10193068114108109 0.07729115824437507
3 0.8549402886657326 0.5228763090831243 0.10676373035529281 0.08052526101791671
3 0.5492317901134746 0.47446287177215235 0.0973887303552928 0.08030705547083343
3 0.6426543043814983 0.4652495663013189 0.09419095574818712 0.07867182028847228
3 0.7354411178637336 0.45917944462607585 0.09746150496239867 0.08186955547083344
3 0.8344779313459689 0.45296385258611044 0.10534677956950453 0.08361389342673622
3 0.4077998072769823 0.3596581022048608 0.09724318114108108 0.07718205547083343
3 0.48294320243841804 0.3274073402370135 0.09553513192686935 0.07402068787965285
3 0.5573781222069597 0.2967372620647565 0.09866013192686936 0.07409342306201391
3 0.6301777673683956 0.26454105148368 0.09397263192686936 0.07398432028847228
3 0.7037950498333843 0.23310790710701332 0.09404540653397539 0.07554682028847229
3 0.3607214460282774 0.3060070785535067 0.09724318114108108 0.07718205547083343
3 0.438281365796819 0.2752642651988885 0.09560790653397522 0.07558318787965286
3 0.5095912855653607 0.2446669222089926 0.09099318114108108 0.07703658510611114
3 0.5817188426374551 0.21483264542350647 0.08928513192686935 0.07387521751493065
3 0.6538100124059968 0.18421711863802032 0.09241013192686935 0.07394795269729175
3 0.31613238399378407 0.25542650351538165 0.09717040653397531 0.07561955547083343
3 0.38885925454811393 0.22166779293430522 0.0891395827126578 0.07075021751493064
3 0.4610959735308674 0.19417726614881908 0.08921235731976367 0.07231271751493065
3 0.5363485306029618 0.1642702541809718 0.09219180810555194 0.06926045269729171
3 0.6060959503715034 0.13370927878225644 0.09985875889134022 0.06631729065319454
3 0.2723245719592907 0.20482774468166642 0.08913958271265772 0.07075021751493064
3 0.34437935442427947 0.1734309678961803 0.0877954065339753 0.07540134992375007
3 0.4157256614963741 0.14361487490628438 0.08757708271265763 0.07071384992375007
3 0.48796238047912743 0.11612434812079822 0.09062930810555195 0.06922408510611118
3 0.5600899375512218 0.08629007133531204 0.0921190334984459 0.06769795269729176