3 0.8999284964655967 0.7690220532719483 0.10493685079830258 0.08695085475263546
3 0.8018584109903333 0.7831574905340977 0.09093801779449713 0.08794035178688589
3 0.7061957425112642 0.7956349273019556 0.08586851581733086 0.07837435079830257
3 0.6120000735379033 0.8103924470736192 0.08605951680591399 0.08306185079830257
3 0.8918878447924417 0.6983739722453091 0.08261618182494175 0.07512201680591399
3 0.7979150103057613 0.7076627420169725 0.08880251482874754 0.0738141847906915
3 0.7038466753247892 0.719295261788636 0.09192751482874754 0.07394151878308027
3 0.6058720903438173 0.7310869490507855 0.09192751482874754 0.07394151878308045
3 0.8871313606097724 0.623692307226281 0.08880251482874754 0.0738141847906915
3 0.7906874421307032 0.636201577492236 0.0886115138401646 0.0691266847906915
3 0.6926810236516341 0.6487745147543855 0.09036501482874755 0.07387785178688588
3 0.6001115216744678 0.6619058675298547 0.08411501482874754 0.07362318380210837
3 0.8783412924347143 0.5522948096977389 0.09498884783255335 0.0725063527754692
3 0.8772045567691705 0.48448522718822495 0.09186384783255334 0.07237901878308044
3 0.790459290457548 0.5652351614846248 0.08724001482874755 0.07375051779449712
3 0.6903637899632565 0.5716535992410658 0.0966786818249421 0.0756950197716634
3 0.5961044539937014 0.5879736190127294 0.08880251482874754 0.0738141847906915
3 0.78713797228249 0.4936148294694024 0.08899351581733068 0.0785016847906915
3 0.6900083042977124 0.5038121832334547 0.09186384783255334 0.07237901878308044
3 0.5943138023205462 0.5170708700013126 0.09192751482874754 0.07394151878308045
3 0.3732413210664454 0.8318204139932639 0.10350168479069151 0.0900121877564409
3 0.28003249053409773 0.8223591837649273 0.0936173488211364 0.07713018577927463
3 0.18594690950745849 0.815273537034688 0.100122016805914 0.08363485376405215
3 0.08548399448843044 0.8115675582892262 0.1062446828135252 0.08076452174883002
3 0.3958285868837762 0.756024576540834 0.09524351581733077 0.07875635277546919
3 0.3033691728533313 0.7473127628144003 0.09674234882113639 0.0772575197716634
3 0.2084386748304977 0.7418214495822582 0.09374468281352515 0.08025518577927464
3 0.11129176080005283 0.7333006368444076 0.10343801779449713 0.08844968775644091
3 0.42310335270110694 0.6800377380998208 0.10012201680591382 0.08363485376405215
3 0.3242984381763706 0.6739243423581647 0.09537084980971962 0.08188135277546901
3 0.2285866901535369 0.6684648626241199 0.09211851581733077 0.07862901878308044
3 0.13059485912689764 0.6615383833843664 0.10637201680591399 0.08388952174882984
3 0.4440007845260491 0.6074305676435854 0.10149351581733086 0.07901102076024671
3 0.3474759530051182 0.6027841714076376 0.0983048488211364 0.07732118676785796
3 0.2549847054765761 0.5948536076812039 0.09537084980971962 0.08188135277546901
3 0.15552587494422843 0.5856470454376449 0.09342634783255321 0.07244268577927464
3 0.46658805034337975 0.5316347301911555 0.1044911818249421 0.07601335475263546
3 0.36609330182625455 0.5287100014456938 0.09517984882113639 0.0771938527754692
3 0.2735702207996153 0.52156068771926 0.0936173488211364 0.07713018577927463
3 0.17883072376536482 0.5113818744871178 0.09693334980971957 0.0819450197716634
3 0.6148902405712787 0.41405861654127146 0.10350168479069169 0.09001218775644108
3 0.6719970864266657 0.3524552716744677 0.09706068380210837 0.08507001977166348
3 0.7220408487839554 0.2919196782905388 0.10031301779449713 0.08832235376405233
3 0.7806465276431479 0.23181516642754074 0.10024935079830274 0.08675985376405233
3 0.5416729164647217 0.3733646323586023 0.09368101581733086 0.07869268577927473
3 0.4641673403809984 0.342204815666419 0.09849584980971962 0.08200868676785796
3 0.38847893228205255 0.30473133197804136 0.09667868182494192 0.07569501977166357
3 0.31103702319452353 0.2720090152858582 0.09843218281352514 0.08044618676785786
3 0.5932473453239142 0.31354662197847893 0.09517984882113631 0.07719385277546911
3 0.6487280241831067 0.2535694441078696 0.09349001482874755 0.07400518577927465
3 0.7042405365403963 0.19281101623726027 0.09368101581733086 0.07869268577927473
3 0.5189304362363852 0.2806969712939069 0.0982411818249421 0.07575868676785795
3 0.5713497820917721 0.21928462741568638 0.09680601581733086 0.07882001977166349
3 0.630800377947159 0.1575857820545911 0.09661501482874754 0.07413251977166349
3 0.5564198018634355 0.12629863137001907 0.09855951680591382 0.08357118676785787
3 0.4844466427759066 0.09335348019115546 0.095434516805914 0.0834438527754691
3 0.4978459565023403 0.18562189323301717 0.0904923488211363 0.07700285178688593
3 0.4454902776431478 0.24547173711123768 0.0983048488211363 0.07732118676785786
3 0.36726711855561883 0.21278125391715164 0.09368101581733086 0.07869268577927473
3 0.42362454790910287 0.15042849254844515 0.09524351581733086 0.07875635277546911