3 0.8167557079437182 0.03168707727276291 0.11148292154477701 0.06337415454552582
3 0.7205437832756831 0.04521770362240909 0.09742042154477701 0.09043540724481818
3 0.6274477682485685 0.06880978359446437 0.09111587939029935 0.09124215186945536
3 0.5343744791191529 0.09382328421916429 0.09113406010845856 0.09436715186945539
3 0.8280608466055955 0.08250174022851578 0.0879636083130606 0.08631785352912935
3 0.7372949460398616 0.11358764209797116 0.09421360831306061 0.08679145020978148
3 0.6449847261922865 0.1416669431375896 0.0973386083130606 0.08702824855010749
3 0.5495404159856322 0.17154554251753404 0.09578519867214012 0.08847234937994446
3 0.8424728045493136 0.15559569811196705 0.09422269867214013 0.08835395020978147
3 0.7486046298812787 0.1830121483217485 0.09262383723582168 0.0819855510396184
3 0.6531603196746243 0.21289074770169297 0.0957761083130606 0.0869098493799445
3 0.5616358950065893 0.24012959915622986 0.0879636083130606 0.08631785352912935
3 0.8537733980316513 0.22658270433574437 0.0989011083130606 0.08714664772027056
3 0.8705791029503075 0.2909053134639511 0.09576701795398108 0.08534734937994451
3 0.7669546540817754 0.2503413582797922 0.09108860831306043 0.0865546518694554
3 0.6714739824388026 0.28646995765973665 0.10047269867214012 0.08882754689043351
3 0.5784052384889268 0.31070220828443657 0.09421360831306061 0.08679145020978148
3 0.7837285427436529 0.320132717407999 0.09267837939029952 0.09136055103961845
3 0.6890563921779188 0.35151461720286187 0.0957670179539809 0.08534734937994451
3 0.5951927626894236 0.3781498174126433 0.09734769867214013 0.08859074855010754
3 0.30354211475596815 0.17378716181821033 0.10993860226293632 0.10516294191141165
3 0.2173637202403583 0.22170536617717662 0.09891928903121974 0.09027164772027056
3 0.13119441608382804 0.2680610705361429 0.10521474082661783 0.09855774440092269
3 0.046865388760073255 0.31201382531002775 0.09373077752014651 0.0947223493799445
3 0.34457111485416403 0.23549333380889018 0.09892837939029935 0.09183414772027057
3 0.2607364703385541 0.28323393941261193 0.10049087939029935 0.0919525468904336
3 0.17223250654110353 0.3282047425268228 0.09893746974937896 0.09339664772027056
3 0.08292456684595385 0.3771409952261152 0.10993860226293631 0.1051629419114116
3 0.3902921601318997 0.29606305828908097 0.10521474082661779 0.0985577444009226
3 0.29943081079582967 0.34355521015853635 0.10051815046753827 0.0966400468904336
3 0.21014105181883921 0.3893664628578287 0.09580337939029934 0.0915973493799445
3 0.12006095248276913 0.43679941514220266 0.11147383118569745 0.10059384108157463
3 0.42976775058917516 0.3563251294499239 0.10674996974937905 0.09398864357108563
3 0.33970128679172457 0.40141433173429775 0.10361587939029934 0.09218934523075965
3 0.2550944826351943 0.44765163692310106 0.10050906010845857 0.0950775468904336
3 0.1634382477605048 0.49754673837763796 0.09890110831306051 0.08714664772027056
3 0.47079675068737104 0.41803130144060374 0.10986587939029935 0.09266294191141178
3 0.3776052868899204 0.4633573020653037 0.09892837939029935 0.09183414772027057
3 0.29144052791292996 0.50893175642427 0.09891928903121974 0.09027164772027056
3 0.2052530430382405 0.5584124607832364 0.10208065046753818 0.09675844606059662
3 0.6415268863241863 0.4675665923077526 0.10993860226293642 0.10516294191141178
3 0.7116075821676561 0.5020823796504166 0.10209883118569749 0.09988344606059663
3 0.775433732831586 0.5378530136737325 0.10524201190385671 0.10324524440092268
3 0.8463093142136753 0.569965851431315 0.10523292154477701 0.10168274440092269
3 0.5833371364223823 0.5367911116037846 0.09893746974937905 0.09339664772027056
3 0.5197240883159762 0.5986175279953869 0.10363406010845858 0.09531434523075966
3 0.4568604739527915 0.6658534948019079 0.10048178903121965 0.09039004689043359
3 0.3932383354873058 0.7292424111935103 0.10363406010845858 0.09531434523075966
3 0.6479536274453918 0.570940046042019 0.10049087939029935 0.0919525468904336
3 0.7164763684684013 0.6047929825548459 0.09734769867214013 0.08859074855010754
3 0.7849991094914108 0.6386459190676729 0.09736587939029935 0.09171574855010753
3 0.586675238979906 0.634151363678377 0.10360678903121964 0.09062684523075966
3 0.652063889643836 0.6698035985315298 0.10049996974937905 0.09351504689043359
3 0.7252786758463854 0.7025200875338677 0.10047269867214012 0.0888275468904336
3 0.6632326729195193 0.7634468547553073 0.1036431504675381 0.09687684523075948
3 0.6035258748131132 0.8249772732215022 0.10052724082661779 0.09820254689043359
3 0.5923525463578901 0.7321152669977249 0.09423178903121965 0.08991645020978148
3 0.5277360553348807 0.6979663325594904 0.10205337939029935 0.09207094606059663
3 0.4617747120489348 0.7607515977063374 0.09893746974937905 0.09339664772027056
3 0.5310650675333248 0.7968890846340827 0.10049087939029935 0.0919525468904336