3 0.7443228940476188 0.09641333246224368 0.0974943661314139 0.08334883118569744
3 0.655501423504983 0.12973034739116246 0.09739423658176456 0.08178633118569745
3 0.5662992211609446 0.15680190749962106 0.10011871838316751 0.07555451190385667
3 0.47470320404208144 0.18466835314669908 0.1018814774824662 0.07868860226293628
3 0.7687233143133992 0.16655766081927076 0.09533108883351815 0.07396474082661783
3 0.6818147971945362 0.1943968353891099 0.08711807063492075 0.06766928903121974
3 0.5909499653008485 0.22303998585664814 0.09336807063492074 0.06770565046753818
3 0.50018526295681 0.2501206363241863 0.09689358883351815 0.07397383118569749
3 0.7942554380029525 0.231228693996758 0.09981832973421945 0.07086701190385672
3 0.7041217913344401 0.26064854928475645 0.0856557001845701 0.06922269867214012
3 0.6157509037652262 0.2869343142136752 0.09543121838316751 0.0755272408266178
3 0.5223921275470645 0.3179348502198328 0.0983559592838688 0.07242042154477701
3 0.816612496917681 0.29669915789240453 0.08908108883351815 0.07392837939029935
3 0.7297540445736426 0.32375708246224366 0.0921059592838688 0.07238406010845858
3 0.6412329626799548 0.3523865973911625 0.0905434592838688 0.07237496974937904
3 0.5519806955610916 0.38023940749962104 0.09513082973421945 0.07083974082661779
3 0.8414134353820588 0.36059348624943155 0.09513082973421945 0.07083974082661779
3 0.754605047812845 0.3868701608192707 0.09024307063492074 0.06768746974937905
3 0.6668652159191573 0.41549513056864973 0.0856557001845701 0.06922269867214012
3 0.5742376249261708 0.4472723713952675 0.08731832973421945 0.07079428903121965
3 0.25402166178479074 0.2648290726996863 0.09729410703211538 0.0802238311856975
3 0.17377415484496045 0.31059154547412743 0.10001858883351811 0.07399201190385671
3 0.0921143422296041 0.3540193586076481 0.099056866131414 0.08335792154477702
3 0.029160166565152728 0.3989824006639299 0.058320333130305456 0.08328519867214013
3 0.30202956277223986 0.31999784085005895 0.10344397748246603 0.07869769262201594
3 0.21943830583240956 0.36577394916311945 0.10324371838316741 0.07557269262201594
3 0.1392408636674039 0.4107551719375605 0.09865634793281672 0.07710792154477701
3 0.05430585672757358 0.4565449157892404 0.10510660703211538 0.08026928298109545
3 0.35301226943521496 0.37749217828227233 0.10021884793281668 0.07711701190385671
3 0.26900870681985867 0.42093362695441244 0.09865634793281668 0.07710792154477701
3 0.18881126465485298 0.46591484972885355 0.09699371838316742 0.0755363311856975
3 0.10538869294019801 0.5124767532214538 0.10011871838316741 0.07555451190385672
3 0.39872648519748877 0.43189333197126434 0.10188147748246604 0.07868860226293642
3 0.31789798735695707 0.47453534992524526 0.09719397748246603 0.07866133118569749
3 0.23765048041712675 0.5202978226996864 0.09875647748246603 0.07867042154477702
3 0.15515935302694575 0.5645114310127468 0.10334384793281673 0.07713519262201593
3 0.44849714528423645 0.4839280097625574 0.10021884793281685 0.07711701190385653
3 0.36731819401993215 0.5320387777165383 0.09230621838316751 0.07550906010845856
3 0.28722088140457586 0.5754575004909792 0.0967934592838688 0.0724113311856975
3 0.20379830968992088 0.6220194039835796 0.10354410703211539 0.08026019262201593
3 0.6350866849206336 0.5336047811343838 0.09553134793281667 0.07708974082661779
3 0.5842065029346607 0.5963774919067724 0.09865634793281668 0.07710792154477701
3 0.5310827004983372 0.6576013382177803 0.0985562183831675 0.07554542154477702
3 0.47697738896271497 0.7219547297083281 0.10021884793281685 0.07711701190385653
3 0.4205783922019175 0.7855405067374953 0.10021884793281668 0.07711701190385653
3 0.7121405382521211 0.5620519680008631 0.10051923658176456 0.08180451190385654
3 0.657885032392025 0.6287491094914108 0.0985562183831675 0.07554542154477702
3 0.6024675447305261 0.6892053413410382 0.09865634793281686 0.07710792154477701
3 0.5500248627445532 0.7519871424725064 0.10041910703211539 0.08024201190385671
3 0.49269442165928173 0.8179212146812134 0.10344397748246603 0.07869769262201594
3 0.7866003177094854 0.5944190404059618 0.10364423658176455 0.08182269262201594
3 0.7308824413990385 0.6595627722555892 0.09865634793281686 0.07710792154477701
3 0.6801524537375396 0.7199917330279778 0.09845608883351815 0.07398292154477701
3 0.6260972069767421 0.7835638745185255 0.09865634793281686 0.07710792154477701
3 0.5705295249907694 0.8463638563681528 0.10178134793281668 0.07712610226293606
3 0.858666282392025 0.62758099834968 0.10178134793281686 0.07712610226293641
3 0.8062736651808768 0.6895815494811481 0.09895673658176456 0.08179542154477701
3 0.7538309831949039 0.7523633506126164 0.10011871838316751 0.07555451190385654
3 0.6981631716592818 0.8167258324622437 0.10011871838316751 0.07555451190385654
3 0.6441579896733088 0.8795167239527915 0.09885660703211521 0.08023292154477701