3 0.2984375 0.30546875 0.0515625 0.040625
3 0.3515625 0.3015625 0.046875 0.0328125
3 0.4078125 0.30078125 0.0515625 0.04375
3 0.4640625 0.303125 0.053125 0.0390625
3 0.3015625 0.3484375 0.0484375 0.0375
3 0.353125 0.35 0.046875 0.0390625
3 0.40703125 0.34765625 0.0484375 0.0390625
3 0.4609375 0.3453125 0.0515625 0.0359375
3 0.303125 0.390625 0.046875 0.0359375
3 0.353125 0.39375 0.046875 0.0375
3 0.40703125 0.39140625 0.0453125 0.0375
3 0.459375 0.39140625 0.0515625 0.040625
3 0.303125 0.4359375 0.046875 0.0390625
3 0.353125 0.4359375 0.046875 0.0359375
3 0.40546875 0.4375 0.0484375 0.0390625
3 0.4609375 0.4359375 0.046875 0.0390625
3 0.303125 0.478125 0.046875 0.0390625
3 0.3546875 0.47734375 0.0453125 0.0375
3 0.403125 0.47734375 0.0484375 0.040625
3 0.459375 0.478125 0.0515625 0.0390625
3 0.60078125 0.2984375 0.05625 0.046875
3 0.6625 0.3125 0.0625 0.04375
3 0.7203125 0.325 0.0625 0.040625
3 0.7890625 0.334375 0.0671875 0.04375
3 0.58671875 0.3453125 0.05625 0.04375
3 0.6453125 0.35859375 0.0609375 0.040625
3 0.70390625 0.3703125 0.05625 0.040625
3 0.771875 0.37890625 0.0703125 0.046875
3 0.57109375 0.39375 0.05625 0.0453125
3 0.62578125 0.40625 0.05625 0.04375
3 0.6859375 0.415625 0.0625 0.04375
3 0.746875 0.428125 0.0640625 0.04375
3 0.55625 0.43671875 0.0546875 0.040625
3 0.6109375 0.4515625 0.0546875 0.04375
3 0.6671875 0.46015625 0.053125 0.0453125
3 0.73046875 0.475 0.0625 0.046875
3 0.5390625 0.4796875 0.0515625 0.0453125
3 0.5953125 0.4921875 0.0515625 0.04375
3 0.653125 0.50703125 0.0609375 0.0453125
3 0.71796875 0.51875 0.06875 0.0453125
3 0.4484375 0.54609375 0.05625 0.040625
3 0.4875 0.571875 0.0484375 0.046875
3 0.52734375 0.60234375 0.0546875 0.0453125
3 0.5734375 0.63125 0.05625 0.04375
3 0.61796875 0.6640625 0.05625 0.04375
3 0.41328125 0.57421875 0.053125 0.04375
3 0.45625 0.603125 0.05625 0.046875
3 0.4953125 0.63359375 0.053125 0.0484375
3 0.53828125 0.66484375 0.053125 0.040625
3 0.58203125 0.6953125 0.0546875 0.04375
3 0.3765625 0.6046875 0.0546875 0.040625
3 0.4203125 0.63671875 0.0515625 0.04375
3 0.46015625 0.66484375 0.053125 0.040625
3 0.50625 0.696875 0.0546875 0.04375
3 0.54375 0.72578125 0.053125 0.040625
3 0.35 0.6359375 0.046875 0.0453125
3 0.3890625 0.66796875 0.0546875 0.04375
3 0.4265625 0.6984375 0.0484375 0.040625
3 0.4671875 0.72578125 0.059375 0.040625
3 0.5125 0.7578125 0.0609375 0.04375