3 0.4311877667315519 0.6868217328142882 0.04840300790866543 0.039956614653892684
3 0.4747785992410659 0.688435142470655 0.04352450692008229 0.03502345318850324
3 0.5199000982524827 0.6907479149718923 0.045150673916276675 0.036667840343633
3 0.5657710137658023 0.6938009938955645 0.04677684091247105 0.03831222749876275
3 0.4389339411421201 0.6497754341937692 0.0419620069200823 0.03494156603337366
3 0.4794634406478284 0.6499901181603954 0.04189833992388792 0.033379066033373664
3 0.5261792731573426 0.651439753506503 0.038900673916276676 0.03634029172311415
3 0.569674605172565 0.65539691316287 0.04215300790866543 0.03962906603337366
3 0.44430453205459114 0.6136332163059446 0.038773339923887915 0.033215291723114146
3 0.44804895597086764 0.5791353855732501 0.038773339923887915 0.033215291723114146
3 0.4541371298871443 0.5445147241078608 0.037274506920082294 0.034695904567984215
3 0.48480219806220237 0.6146291502725711 0.038837006920082115 0.03477779172311415
3 0.5299555305717163 0.6161606727738084 0.04189833992388792 0.033379066033373664
3 0.575826446085036 0.6192137516974807 0.040335839923887916 0.033297178878243724
3 0.49167162197847886 0.579967545229617 0.038773339923887915 0.03321529172311397
3 0.5329505379860902 0.5809225356186787 0.04196200692008212 0.03494156603337366
3 0.5781038704956041 0.5824540581199157 0.040335839923887916 0.033297178878243724
3 0.49466662939285266 0.5447294080744873 0.038773339923887915 0.033215291723114146
3 0.5382574619023668 0.5463428177308541 0.040399506920082116 0.034859678878243726
3 0.5827250449061724 0.5455715338096563 0.04189833992388792 0.03337906603337348
3 0.6849520952867332 0.6961303765281386 0.048466674904859806 0.041519114653892686
3 0.7359561797734135 0.6880002939864216 0.05165534190105418 0.04324538896415202
3 0.7884272637658023 0.6821320742895749 0.05159167490485963 0.0416828889641522
3 0.8417750982524825 0.6738791610151633 0.053281508897248385 0.04488977611928178
3 0.6771687701915929 0.657559199458917 0.04827567391627667 0.03683161465389251
3 0.7266421881763705 0.6487297540723299 0.05002917490485963 0.041601001809022264
3 0.7776144391649538 0.6413809215306129 0.04990184091247105 0.03847600180902226
3 0.8301491901535369 0.6339502018337663 0.05465300790866543 0.04028416327441153
3 0.6677911115983555 0.6198511595448253 0.04684050790866543 0.03987472749876275
3 0.714888946085036 0.6119257948909327 0.046713173916276676 0.03674972749876275
3 0.7651754475679107 0.6022741559267807 0.051400673916276673 0.0369953889641522
3 0.8192726985564939 0.5947615490748042 0.05309050790866543 0.040202276119281774
3 0.6591310360089239 0.5836646760531687 0.046713173916276676 0.03674972749876275
3 0.7070737874917985 0.5741358678217112 0.04990184091247105 0.03847600180902226
3 0.7573284554765761 0.5652654788575593 0.04996550790866543 0.04003850180902226
3 0.8099268734613536 0.5562722591607125 0.05465300790866543 0.04028416327441153
3 0.6505027939175891 0.546696942561512 0.046713173916276676 0.03674972749876275
3 0.6968512119023668 0.5380312714851844 0.04677684091247088 0.03831222749876275
3 0.7463882968833386 0.5276393260985972 0.04677684091247105 0.03831222749876275
3 0.7974242148681162 0.5187279935568803 0.04996550790866543 0.04003850180902226
3 0.5777948057805873 0.4943775260077402 0.04684050790866543 0.03987472749876275
3 0.6162179772254059 0.46975598428462606 0.043588173916276673 0.03658595318850324
3 0.6529513146778358 0.4483413297166418 0.04527800790866543 0.03979284034363299
3 0.6921557361226546 0.4236788444159629 0.04990184091247087 0.03847600180902226
3 0.7336402405712787 0.4004560283825894 0.05315417490485963 0.041764776119281775
3 0.5531913952101835 0.46682241406738106 0.05002917490485981 0.041601001809022264
3 0.5915508996588078 0.443763372344267 0.04677684091247105 0.03831222749876275
3 0.6283160706093349 0.42156746777628273 0.04677684091247105 0.03831222749876275
3 0.6659261585560564 0.39776811963073355 0.048212006920082116 0.0352691146538926
3 0.7066294130046806 0.37458624717492495 0.053217841901054184 0.04332727611928178
3 0.5300549841454881 0.4415291649718922 0.04684050790866543 0.03987472749876275
3 0.5661025720922096 0.41781170398147277 0.04202567391627667 0.03650406603337366
3 0.6028677430427367 0.3956157994134885 0.04677684091247088 0.03831222749876284
3 0.6412590809894582 0.3717755076903745 0.043588173916276673 0.03658595318850333
3 0.6804316689361797 0.34789427238969556 0.05302684091247105 0.03863977611928178
3 0.50304415657889 0.41565938376422784 0.05002917490485981 0.041601001809022264
3 0.5429661610275143 0.39251845488598397 0.04996550790866543 0.04003850180902235
3 0.5782006654761386 0.3696231874731294 0.048466674904859806 0.041519114653892596
3 0.6166238369209573 0.3450016457500154 0.04677684091247088 0.03831222749876275
3 0.6557327578714844 0.32268291044933645 0.051464340912470874 0.03855788896415202