3 0.7871684518833886 0.6726342530372229 0.06437107593472771 0.04673083605604163
3 0.7289890989789591 0.6767392183679519 0.05667697510489074 0.04811149810013902
3 0.6707505464894482 0.6800629336986811 0.05800267676456468 0.045022865691319504
3 0.6119083427551818 0.68571221523382 0.05968357593472753 0.04662173328249999
3 0.7751411259486608 0.6271217312857298 0.053315176764564674 0.04491376291777769
3 0.7208680230442315 0.6313176155944102 0.06089087842423861 0.04197060087368065
3 0.6634107205547205 0.6346595147207297 0.05464087842423861 0.04182513050895835
3 0.6036688676502912 0.6387281124602783 0.05307837842423861 0.04178876291777769
3 0.7671384491840962 0.5832626285121881 0.052959979254075765 0.040226262917777866
3 0.7137649954498297 0.589039196616459 0.05464087842423861 0.04182513050895835
3 0.6569705437901558 0.5908367795383687 0.056203378424238615 0.04186149810013902
3 0.5973470900558895 0.5964678772779172 0.050071777594401644 0.04327852773541672
3 0.762319972004613 0.5402575109210075 0.05475927759440165 0.04338763050895835
3 0.7058807178554282 0.5467425938429172 0.05992037427505377 0.04974673328249999
3 0.6489678670255912 0.5469776767648269 0.057884277594401644 0.0434603656913195
3 0.5892852137062433 0.5518275245043756 0.05464087842423861 0.04182513050895835
3 0.7552761439952929 0.49876034194305613 0.05475927759440165 0.04338763050895835
3 0.6960787427505374 0.499722123478195 0.05151587842423862 0.041752395326597205
3 0.6401839402610265 0.503100390195695 0.05800267676456468 0.045022865691319504
3 0.581104938186434 0.5056246717308338 0.054877676764564676 0.04495013050895835
3 0.4662289898507524 0.6877805954584378 0.056913773445216795 0.051236498100139014
3 0.4080020927551818 0.6809662445847573 0.05992037427505377 0.04974673328249999
3 0.34971599607452974 0.6733706437110767 0.058121075934727706 0.046585365691319325
3 0.2868607985640407 0.6672284400638544 0.06605197510489073 0.04832970364722229
3 0.4738513130861877 0.6442851685967017 0.05956517676456467 0.045059233282499986
3 0.41622806723537265 0.6351452515186115 0.06269017676456468 0.04513196846486114
3 0.3563794705547205 0.6275132830537503 0.05968357593472771 0.04662173328249999
3 0.29748972262931295 0.6222432483844793 0.0616012734452168 0.051345600873680654
3 0.48448023715146 0.5992999769173267 0.061127676764564674 0.045095600873680655
3 0.42697539047080796 0.5917225598392364 0.0628085759347277 0.04669446846486114
3 0.36478304379015586 0.5840360399876043 0.06437107593472771 0.04673083605604163
3 0.30493444710950374 0.5764040715227432 0.0628085759347277 0.04669446846486114
3 0.4929430099719768 0.5566039838511809 0.061127676764564674 0.045095600873680655
3 0.4336980645360803 0.5466464491819101 0.057884277594401644 0.0434603656913195
3 0.37390866744050966 0.5397957307170489 0.0628085759347277 0.04669446846486114
3 0.31478212117477605 0.531400696047778 0.059801975104890735 0.04818423328249999
3 0.49966568403724915 0.5115278731938545 0.061364475104890556 0.04822060087368065
3 0.4413795873565971 0.503932272320174 0.061482874275053764 0.04978310087368065
3 0.38219384150578195 0.49475598765090306 0.0628085759347277 0.04669446846486114
3 0.3215639948251299 0.4871058353904516 0.0631637734452168 0.051381968464861136
3 0.5879101226246686 0.441053678664688 0.06773287427505377 0.049928571238402775
3 0.5377558346573047 0.41727003333809076 0.05968357593472771 0.04662173328249999
3 0.4889864479346963 0.39117900560267393 0.06136447510489074 0.04822060087368065
3 0.4402170612120879 0.3650879778672573 0.05968357593472771 0.04662173328250008
3 0.3876598236596426 0.3404685311538892 0.06640717261537983 0.05301720364722229
3 0.6202839921258375 0.4051531994662505 0.0628085759347277 0.04669446846486114
3 0.5700113049883107 0.3798070541396532 0.058121075934727706 0.046585365691319505
3 0.5198570170209468 0.35602340881305594 0.058239475104890734 0.0481478656913195
3 0.4702471807132569 0.32913294728204895 0.06136447510489074 0.04822060087368065
3 0.41606824357573 0.3036958829775004 0.06929537427505376 0.04996493882958344
3 0.648810811212088 0.36994305128986166 0.059801975104890735 0.04818423328249999
3 0.599200974904398 0.34305258975885466 0.06280857593472752 0.04669446846486114
3 0.5506683865221158 0.320086562023438 0.06292697510489056 0.04825696846486114
3 0.5018989997995074 0.2939955342880213 0.061127676764564674 0.045095600873680655
3 0.4508450626619805 0.2686312051658337 0.06761447510489074 0.04836607123840277
3 0.6835876302983384 0.334878373478195 0.06737767676456467 0.04524107123840286
3 0.63013074357573 0.3086782429692366 0.05968357593472771 0.04662173328249999
3 0.5829830564382031 0.28340483282500045 0.05800267676456468 0.045022865691319504
3 0.5295261697155947 0.2572047023160421 0.0642526767645645 0.045168336056041716
3 0.48093438174823094 0.2334574245806254 0.0628085759347277 0.04669446846486114