3 0.6740951340731047 0.7427955888131369 0.05435253087881229 0.04528167889684287
3 0.6209701340731048 0.739701409916294 0.04787521034569906 0.037105157850155376
3 0.5647428661264161 0.7356439704961074 0.05283549498543501 0.04675317363517095
3 0.5101235622863503 0.7301150363375928 0.05586956677218975 0.04381018415851479
3 0.6738056290585399 0.6989545835514651 0.05265363855894449 0.040503173635170954
3 0.622311325218474 0.693607659916294 0.04649456677218975 0.04326415258848364
3 0.5684050752184739 0.6904679783886152 0.05118206677218975 0.04353716837349921
3 0.5137403072717852 0.6865015442301006 0.051091138558944496 0.040412168373499216
3 0.6758371419906636 0.6560313361823009 0.04796613855894449 0.04023015785015538
3 0.625146820203909 0.6499486651779659 0.051136602665567035 0.04197466837349921
3 0.5712860343105317 0.6452464836502871 0.047920674452321774 0.03866765785015538
3 0.5197689984171543 0.6406808100151161 0.05122753087881229 0.04509966837349921
3 0.6778913869760987 0.6123268388131369 0.04961956677218975 0.04344616311182729
3 0.6279595831360327 0.6070709204396378 0.051045674452321776 0.038849668373499215
3 0.5765107434025895 0.6001614968044666 0.052699102665566856 0.042065673635170955
3 0.5210192613492781 0.5977120600151161 0.04961956677218957 0.04344616311182729
3 0.6806814178549111 0.5702303440748088 0.04961956677218975 0.04344616311182729
3 0.6299683640148451 0.5649289230704737 0.04644910266556703 0.04170165258848364
3 0.5807723460681565 0.5612810073278105 0.05279003087881229 0.04519067363517095
3 0.5246360063347131 0.5540985679076238 0.05274456677218957 0.04362817363517095
3 0.3719105084462842 0.7197173206796341 0.06078438730530315 0.05189569994353036
3 0.31216343540588837 0.7021511181052679 0.06381845909205772 0.04895271046687384
3 0.25324307647211514 0.6830679181617377 0.06372753087881237 0.04582771046687384
3 0.18713234316516258 0.669043944540684 0.07006845909205772 0.04931673151356133
3 0.388853967538342 0.6753148732963525 0.06064799498543501 0.04720819994353036
3 0.3314961086045688 0.6563226786144942 0.06221049498543509 0.0472992052052021
3 0.2740245894042389 0.6412367339326358 0.05904003087881238 0.045554694681858444
3 0.20720080225722035 0.6248235076807462 0.07332985141192579 0.05418624203690499
3 0.40662414073702247 0.629395428543907 0.05917642319868044 0.05024219468185844
3 0.3531725318032492 0.6106307470162282 0.05913095909205772 0.04867969468185844
3 0.29489703054960803 0.5962805497035338 0.06381845909205772 0.04895271046687384
3 0.23434597545590075 0.5794500944983317 0.06538095909205772 0.049043715728545934
3 0.42508463572245747 0.5866464864222973 0.05908549498543501 0.047117194681858446
3 0.37163302678868426 0.5678818048946186 0.055960494985435004 0.04693518415851479
3 0.31570127553504307 0.5536681154744321 0.056051423198680436 0.050060184158514785
3 0.25370138070789255 0.532840405007558 0.06703438730530316 0.052259720990217674
3 0.4450621666012699 0.5455510495623596 0.05297188730530315 0.05144067363517095
3 0.39076111150756265 0.5290846154038448 0.05444345909205772 0.04840667889684287
3 0.33269019873372346 0.5077031680911505 0.062346887305303154 0.0519867052052021
3 0.27059937569332765 0.4900004576242766 0.07167642319868044 0.05097023677523325
3 0.5413892488128658 0.4893381178935064 0.05908549498543501 0.047117194681858265
3 0.502363852732074 0.4588924837208742 0.05297188730530315 0.05144067363517095
3 0.46499188486452764 0.425412854809914 0.05765938730530316 0.051713689420186525
3 0.42136991699698123 0.39156920485226626 0.057568459092057725 0.04858868942018661
3 0.37703489528936895 0.35533630226378266 0.05913095909205772 0.04867969468185844
3 0.578145102732074 0.463306238911959 0.05448892319868044 0.04996917889684287
3 0.5360629028112163 0.4303348442159831 0.05917642319868044 0.05024219468185844
3 0.4987136669969813 0.3960739653050228 0.056142351411925875 0.0531851841585147
3 0.4582621632360576 0.3608498258707188 0.055960494985435004 0.04693518415851479
3 0.4162481594751338 0.32553468117474293 0.05761392319868044 0.05015118942018652
3 0.6164861887045936 0.4365841151920833 0.057477530878812286 0.045463689420186526
3 0.5744949169969813 0.4004877204961074 0.054397994985435 0.04684417889684287
3 0.5355149850228121 0.3684795863234753 0.054397994985435 0.04684417889684287
3 0.4927424633151999 0.3323376889966635 0.057568459092057725 0.04858868942018653
3 0.45612901339434214 0.2996848127165392 0.055960494985435004 0.04693518415851479
3 0.645497738783736 0.40775345990217665 0.049755959092057725 0.0481336631118273
3 0.6066087350228122 0.37262032572954445 0.056005959092057724 0.048497684158514784
3 0.5708219992085771 0.338450452080256 0.05127299498543501 0.046662168373499215
3 0.5325778531277855 0.3080503205384598 0.06064799498543501 0.047208199943530274
3 0.4890468134734844 0.27108167058081206 0.06230142319868044 0.0504242052052021