3 0.6488748692774544 0.6708133976534457 0.056203378424238615 0.042480165879248945
3 0.5955722705222097 0.6750123135326949 0.04936138257342364 0.034449411069925696
3 0.5392630709371283 0.6777578568166056 0.05307837842423861 0.04237103847458741
3 0.4846347705222098 0.6788863363981855 0.05608497925407559 0.04091766587924894
3 0.649065046042019 0.6271725250581074 0.05260478174358667 0.036121038474587405
3 0.5975025460420189 0.6289731272350256 0.046828378424238794 0.04215278366526398
3 0.5434778968718559 0.6324180749654402 0.05127908008391273 0.03919147477225664
3 0.4887311972867744 0.6351090545470202 0.0511606809137497 0.03762897477225664
3 0.6515397732215021 0.5842310569092728 0.0480356809137497 0.03751984736759475
3 0.6008177228065836 0.5852231272350257 0.05284158008391273 0.03924603847458741
3 0.5469114728065836 0.5871055749654402 0.04791728174358667 0.03595734736759475
3 0.49534897280658363 0.5889061771423585 0.05151587842423879 0.04231647477225664
3 0.6540736999860668 0.5405083387604382 0.04983497925407576 0.040699411069925695
3 0.6041328995711484 0.5414731272350257 0.05260478174358667 0.036121038474587405
3 0.5526887987413114 0.5417112294119439 0.05284158008391256 0.03924603847458741
3 0.4970424499860668 0.5459919908446893 0.04983497925407576 0.040699411069925695
3 0.6572704775804684 0.49832083876043826 0.04983497925407576 0.040699411069925695
3 0.6065484271655499 0.49931290908619114 0.04659158008391273 0.03902778366526398
3 0.5572112779953869 0.5025941657096131 0.05307837842423879 0.04237103847458741
3 0.5011388767506315 0.5022147089935238 0.052959979254075765 0.04080853847458741
3 0.3461167221818838 0.6868402240544663 0.06136447510489074 0.0488938569862416
3 0.2861264155431879 0.6764682084453697 0.06425267676456467 0.04587798439090331
3 0.22775780848957364 0.6652603791339422 0.06401587842423861 0.04275298439090332
3 0.16116230434038875 0.6597941183341691 0.07050267676456468 0.046096239200226916
3 0.36367199770169295 0.6402554007334886 0.06089087842423861 0.0426438569862416
3 0.30608464064807867 0.6290202895708957 0.06257177759440165 0.04426092068857255
3 0.2490417352541383 0.6208828965571375 0.05932837842423862 0.04258929328391083
3 0.18184257986019797 0.6131001676085296 0.07398287427505376 0.050892866604888454
3 0.3821269223916651 0.5920807955613455 0.05968357593472771 0.04727679328391084
3 0.3284458153380509 0.5807092751429255 0.05956517676456467 0.045714293283910835
3 0.27056246035902903 0.5733804139803326 0.06425267676456467 0.04587798439090331
3 0.20967250455017022 0.5645981802224014 0.06581517676456468 0.04593254809323426
3 0.40106709915622984 0.5477851585380369 0.059446777594401645 0.044151793283910834
3 0.3474451916876971 0.5356323881196169 0.05632177759440164 0.04404266587924912
3 0.29190558670867517 0.5282216814035277 0.056558575934727705 0.04716766587924894
3 0.22974912882522394 0.5155877613479273 0.06761447510489074 0.04911211179556503
3 0.421510576335713 0.5042162078123975 0.05355197510489074 0.04862103847458741
3 0.3669298201119357 0.4944344692451429 0.054877676764564676 0.04555060217691818
3 0.30952006181356595 0.48085560808255 0.0628085759347277 0.047385920688572544
3 0.2471268055897886 0.4713466880269497 0.07206517676456467 0.046150802902557686
3 0.5186116418974784 0.43615319937487707 0.059446777594401645 0.044151793283910834
3 0.48005862737533145 0.41022810563547923 0.05355197510489074 0.04862103847458741
3 0.4424644616084289 0.38193198004491613 0.058239475104890734 0.04878472958157989
3 0.3994015458415263 0.3538268274125109 0.05800267676456468 0.045659729581579975
3 0.3557349788298684 0.3234052066312712 0.05956517676456467 0.045714293283910835
3 0.556017476130576 0.40523801607243276 0.0549960759347277 0.04711310217691818
3 0.513676610778592 0.37788683158886216 0.05956517676456467 0.045714293283910745
3 0.47692289459677084 0.3487821741471336 0.05679537427505377 0.05029266587924912
3 0.4371033780000314 0.3190053941100667 0.05632177759440164 0.04404266587924912
3 0.3949401114032918 0.28931045962649604 0.058121075934727706 0.047222229581579976
3 0.5942637599487549 0.3735143009188231 0.05776587842423879 0.04253472958157998
3 0.552940942937097 0.34301083458408704 0.05475927759440165 0.043988102176918176
3 0.5144471280000313 0.3163044908446893 0.05475927759440165 0.043988102176918176
3 0.47156181098837335 0.28585558821228413 0.05800267676456468 0.04565972958157989
3 0.43547094563638933 0.25828614891939006 0.05632177759440164 0.04404266587924912
3 0.6239754933520154 0.3413094361280331 0.05019017676456468 0.04538691106992569
3 0.5857184767552759 0.3114780923886354 0.05644017676456468 0.04560516587924912
3 0.5497460105734548 0.2823461530957413 0.051634277594401645 0.04387897477225646
3 0.5119742460513078 0.25639377750517817 0.06245337842423861 0.04269842068857255
3 0.46836687862473125 0.22519090672393843 0.06269017676456468 0.04582342068857255