3 0.9122303498965957 0.7510008538749603 0.09298747867599957 0.06982269867918127
3 0.8129479652291867 0.757624118555096 0.08517497867599957 0.06973179201145392
3 0.717590011895323 0.7626394299013681 0.0930056600095451 0.07138519867918128
3 0.6167269458943685 0.7708433759150494 0.08363066000954493 0.07127611067790855
3 0.8966968039067769 0.6761917578771874 0.08359429734245438 0.06815111067790855
3 0.8099416912396862 0.6803258218889596 0.08675566000954475 0.07131247334499946
3 0.7114496472390497 0.6861587459023226 0.0835579346753633 0.06502611067790856
3 0.6129212405713226 0.6951166699156858 0.08206816000954512 0.07125792934436319
3 0.8905382579169583 0.601273573878142 0.0866829346753633 0.06506247334499946
3 0.8006672359166401 0.604662750557005 0.08670111600890884 0.06662497334499946
3 0.7037195105824583 0.6120399932368226 0.08359429734245402 0.06815111067790855
3 0.6130217852482767 0.6193445105824584 0.10085452267663583 0.07460110534690845
3 0.8764581239258671 0.5358212965468236 0.07727157200827221 0.06182838534372674
3 0.7905297145926398 0.5360400198918231 0.0898079346753633 0.06509883601209036
3 0.6959530112587762 0.5410462405713226 0.07732611600890867 0.06651588534372674
3 0.599050739258458 0.5445172332511401 0.0835579346753633 0.06502611067790873
3 0.8686643526018667 0.4671712938813236 0.08037839067472703 0.06030224801081765
3 0.7819637839354121 0.46661785789309584 0.08039657200827222 0.06186474801081765
3 0.6913296932686392 0.4684536252387316 0.07890679734245402 0.06809656667727211
3 0.5990967399347757 0.4734325739179129 0.07885225334181775 0.06340906667727228
3 0.36828035522759583 0.7745154579487751 0.09471361067790855 0.08390338001272664
3 0.2684894405633684 0.7577103132956836 0.09462270401018139 0.07609088001272682
3 0.171042275899141 0.7408778966422739 0.09151588534372683 0.07761701734563572
3 0.06267579256845907 0.7226102493236823 0.10556020401018136 0.0762181493475449
3 0.3942257845719589 0.692974556612048 0.09614884134309047 0.07298406134627218
3 0.29757805124127695 0.6745705492918656 0.09769316000954494 0.07143974267981754
3 0.19855929591027682 0.6585375639720012 0.09613066000954502 0.07142156134627217
3 0.09402633724541314 0.646474463319546 0.10864884134309047 0.07312951201463562
3 0.4177274665818221 0.620054677275639 0.0960942973424542 0.068296561346272
3 0.32498598325114014 0.601605216621593 0.09137043467536321 0.06511701734563573
3 0.22985529658659462 0.5870892779678651 0.1007454346753633 0.06522610534690845
3 0.13083654125559446 0.5710562926480008 0.09613066000954502 0.07142156134627217
3 0.4435728985916853 0.5471075259389119 0.0944954346753633 0.06515338001272664
3 0.3515763025939124 0.5317739746180932 0.09607611600890867 0.066734061346272
3 0.26116038792968505 0.5148597419637289 0.0929329346753632 0.06513519867918127
3 0.16213254193191223 0.4996080066438647 0.09609429734245412 0.06829656134627218
3 0.4693728772676848 0.47806662460218474 0.08673747867599957 0.06974997334499947
3 0.3774035532702301 0.4603893232813661 0.08517497867599957 0.06973179201145392
3 0.2861700259389119 0.4466091812937745 0.08675566000954502 0.07131247334499946
3 0.18869558927436633 0.43212051464036483 0.09458634134309048 0.07296588001272664
3 0.6205455732813661 0.3755399665818221 0.08670111600890866 0.06662497334499946
3 0.5483438566200022 0.3373228985916853 0.08666475334181775 0.06349997334499946
3 0.4769142992918655 0.2998779899347757 0.08978975334181775 0.06353633601209037
3 0.40705633263050167 0.2616336499443207 0.0851204346753633 0.06504429201145409
3 0.3371983659691378 0.22338930995386574 0.08357611600890866 0.06658861067790856
3 0.6718904446212748 0.32651157324159513 0.08670111600890866 0.06662497334499946
3 0.5973449779599109 0.28832177725177643 0.0866829346753633 0.06506247334499946
3 0.5290313299650016 0.251621755927776 0.08201361600890866 0.06657042934436319
3 0.46070859130331954 0.2157029846037756 0.08041475334181776 0.06342724801081764
3 0.39082335264163753 0.17980239461332065 0.08353975334181776 0.06346361067790855
3 0.7200830439608655 0.2798632925684591 0.0882454346753633 0.06508065467854492
3 0.6510245086330471 0.24004736191123133 0.08037839067472685 0.06030224801081765
3 0.5811210886378195 0.20570927192077634 0.08041475334181776 0.06342724801081764
3 0.5089011906429102 0.16905470393063954 0.08348520934118149 0.058776110677908555
3 0.4429222019812281 0.13310866060632096 0.09282384667409058 0.05576019867918123
3 0.7682756433004561 0.23321501189532298 0.08037839067472685 0.06030224801081765
3 0.6991898359723194 0.19574283123809527 0.0788704346753633 0.06497156667727229
3 0.6308670973106374 0.15982405991409485 0.07881589067472702 0.060284066677272194
3 0.5617449273154099 0.12547687925686715 0.08192270934118148 0.0587579293443631
3 0.4926409386537278 0.08956719859963945 0.08346702800763595 0.057213610677908575