3 0.096875 0.15625 0.0953125 0.075
3 0.19375 0.1546875 0.0828125 0.078125
3 0.2890625 0.1546875 0.078125 0.0703125
3 0.38359375 0.1515625 0.0765625 0.071875
3 0.1 0.22734375 0.075 0.0640625
3 0.19375 0.23046875 0.0828125 0.0625
3 0.28828125 0.23046875 0.084375 0.0625
3 0.3859375 0.23125 0.084375 0.0640625
3 0.1015625 0.30390625 0.0828125 0.0640625
3 0.196875 0.303125 0.0828125 0.059375
3 0.29609375 0.303125 0.084375 0.0625
3 0.38984375 0.30390625 0.0765625 0.0640625
3 0.10625 0.3765625 0.0875 0.0625
3 0.1046875 0.44453125 0.084375 0.0609375
3 0.19609375 0.37421875 0.0796875 0.0640625
3 0.29609375 0.38125 0.0875 0.0625
3 0.3890625 0.37578125 0.0828125 0.0640625
3 0.19453125 0.44609375 0.0796875 0.06875
3 0.2921875 0.45 0.084375 0.0609375
3 0.3875 0.4484375 0.084375 0.0640625
3 0.621875 0.16015625 0.0953125 0.078125
3 0.71484375 0.18125 0.0859375 0.0671875
3 0.80859375 0.20234375 0.090625 0.071875
3 0.9078125 0.21796875 0.0984375 0.06875
3 0.59765625 0.234375 0.0859375 0.0671875
3 0.68828125 0.25625 0.0875 0.0671875
3 0.78203125 0.27265625 0.084375 0.06875
3 0.878125 0.29296875 0.0953125 0.078125
3 0.56640625 0.30625 0.090625 0.0703125
3 0.66328125 0.325 0.0875 0.071875
3 0.75859375 0.34296875 0.084375 0.06875
3 0.85546875 0.3625 0.0984375 0.071875
3 0.540625 0.3765625 0.09375 0.0671875
3 0.63671875 0.39453125 0.090625 0.0671875
3 0.728125 0.4140625 0.0859375 0.0703125
3 0.82734375 0.434375 0.0875 0.0609375
3 0.515625 0.44921875 0.0984375 0.0625
3 0.615625 0.4671875 0.0859375 0.0671875
3 0.70703125 0.484375 0.0859375 0.0671875
3 0.8015625 0.50703125 0.0875 0.071875
3 0.36328125 0.54765625 0.09375 0.0765625
3 0.30390625 0.60234375 0.0875 0.071875
3 0.25 0.65703125 0.090625 0.0765625
3 0.1890625 0.709375 0.090625 0.075
3 0.43359375 0.5984375 0.0859375 0.06875
3 0.50859375 0.63984375 0.0875 0.06875
3 0.5828125 0.68671875 0.0875 0.0640625
3 0.6578125 0.7296875 0.090625 0.06875
3 0.3796875 0.65234375 0.0875 0.0671875
3 0.32109375 0.7046875 0.084375 0.0625
3 0.26484375 0.75859375 0.084375 0.06875
3 0.45234375 0.69453125 0.0921875 0.0640625
3 0.39765625 0.75 0.0875 0.0671875
3 0.33515625 0.80390625 0.0875 0.0640625
3 0.4078125 0.84375 0.090625 0.0703125
3 0.47734375 0.8859375 0.0875 0.071875
3 0.46796875 0.7921875 0.0796875 0.06875
3 0.5234375 0.73828125 0.090625 0.0671875
3 0.6 0.78125 0.0859375 0.0671875
3 0.540625 0.8359375 0.0859375 0.0671875