3 0.15191383105428743 0.16700517193756054 0.09374974212409226 0.07707156010845857
3 0.24308096499321116 0.1789688407518631 0.09349465060882318 0.07394656010845857
3 0.33397703196267303 0.18468705474570543 0.09623701333591957 0.06927724082661779
3 0.42649937181095215 0.18961492838046817 0.09792705909355401 0.0708488311856974
3 0.134136657566647 0.24129209963065765 0.09142196757828502 0.06768746974937896
3 0.22256142877847435 0.24858644916311942 0.08478933030538141 0.06296360831306051
3 0.31495622286911895 0.2550768227978822 0.08934928454774686 0.06142837939029935
3 0.4074147898385808 0.26078594643264497 0.09454696757828493 0.06770565046753826
3 0.11355334847309292 0.311690958041914 0.09728933030538141 0.06303633118569749
3 0.2051031196849203 0.3189671268562166 0.08166433030538141 0.06294542759490121
3 0.2952817095331994 0.32390863602959874 0.09154951333591957 0.06924996974937896
3 0.3906101849873922 0.3327245789462022 0.09441942182065048 0.06614315046753827
3 0.0961588122583561 0.3812903857350112 0.08529951333591956 0.06921360831306052
3 0.1854286063490007 0.3877989400879331 0.08960437606301594 0.06455337939029934
3 0.275415877560828 0.3950841992613153 0.08660692182065048 0.06609769867214013
3 0.3662481716514726 0.40158366325515765 0.09116687606301585 0.06456246974937904
3 0.07726554892243656 0.45011765378718793 0.09116687606301595 0.06456246974937904
3 0.16581786589189842 0.4558495033196497 0.08622428454774686 0.06141019867214013
3 0.2550238871037257 0.46313930767257167 0.0832268303053814 0.06295451795398091
3 0.34950733967910125 0.472741045768715 0.08348192182065048 0.0660795179539809
3 0.6530460252947132 0.2171894407753042 0.09336710485118864 0.07238406010845858
3 0.7360339974149263 0.243256516205465 0.09610946757828494 0.0677147408266178
3 0.8207757881715908 0.26697075127654624 0.0951846963664579 0.07551815046753818
3 0.9070163060494384 0.2914571459885479 0.0967471963664579 0.0755272408266178
3 0.6086266034740628 0.28304169975229465 0.0994895590935542 0.07085792154477702
3 0.6947395755942758 0.3090905944642962 0.10079696757828494 0.06774201190385672
3 0.7786363434721231 0.3335906247149173 0.09467451333591939 0.06926815046753827
3 0.8663755884711533 0.35884917906783925 0.10117960485118864 0.07242951190385671
3 0.5632346130169605 0.35124225390882485 0.0963645590935542 0.07083974082661779
3 0.6503839266524425 0.3741616034412867 0.09467451333591939 0.06926815046753827
3 0.7333718987726554 0.4002286788714475 0.09298446757828494 0.06769656010845856
3 0.8202661208928681 0.4262730284039093 0.09623701333591939 0.06927724082661779
3 0.5227852140751272 0.41629053698811624 0.09792705909355419 0.07084883118569749
3 0.6060282777106092 0.43923261241827716 0.09336710485118864 0.07238406010845858
3 0.689733726952005 0.4660763926688981 0.09480205909355419 0.07083065046753809
3 0.7744755177086695 0.4897906277399794 0.0994895590935542 0.07085792154477702
3 0.47705838376974585 0.47902688632418633 0.09480205909355419 0.07083065046753809
3 0.5613537643746896 0.5082098713952675 0.08842451333591957 0.06923178903121965
3 0.6453143051313543 0.5319286516458887 0.09285692182065049 0.06613406010845857
3 0.7314272772515673 0.5579775463578901 0.0997446506088231 0.07398292154477701
3 0.29609568406930825 0.5722234161820239 0.0916770590935541 0.07081246974937905
3 0.35210669694618585 0.6226546873574585 0.09467451333591956 0.06926815046753809
3 0.40909027845951523 0.6707376633533535 0.09467451333591956 0.06926815046753809
3 0.4682262913363928 0.721150753810629 0.0963645590935542 0.07083974082661779
3 0.5297060542132705 0.771550208729285 0.0963645590935542 0.07083974082661779
3 0.2219568113402722 0.6195074823406067 0.09661965060882319 0.07396474082661779
3 0.281682755580698 0.6722597776183423 0.09467451333591956 0.06926815046753827
3 0.34113763285166193 0.7187666180756178 0.0948020590935541 0.07083065046753809
3 0.3987749186073568 0.7684075488919729 0.09649210485118864 0.07240224082661798
3 0.46090838572659987 0.8203649586310892 0.09792705909355419 0.07084883118569749
3 0.15075161997478434 0.6691171177810302 0.09974465060882318 0.07398292154477701
3 0.21145013285166195 0.7195211178792261 0.0948020590935541 0.07083065046753827
3 0.26687121436499134 0.7676131842342007 0.09454696757828503 0.06770565046753826
3 0.32522597724186897 0.818030819871016 0.09467451333591956 0.06926815046753809
3 0.3860520358763811 0.8668723199692119 0.09779951333591956 0.06928633118569749
3 0.08189017860929648 0.7187131176828344 0.09779951333591956 0.06928633118569749
3 0.1388737601226259 0.7667960936787294 0.09518469636645772 0.0755181504675381
3 0.19644727299950349 0.8172182744950843 0.09623701333591957 0.06927724082661797
3 0.2563645358763811 0.8676268197728202 0.09623701333591957 0.06927724082661797
3 0.31562809451089324 0.9164774102300957 0.09505715060882318 0.07395565046753845