3 0.0448127000847046 0.22265625 0.0896254001694092 0.0890625
3 0.13169180282847998 0.20703125 0.0973747999152954 0.0890625
3 0.22630635281436257 0.1921875 0.0921412683452643 0.0796875
3 0.3203216633235888 0.17421875 0.09085178413027979 0.084375
3 0.045391010805692376 0.29375 0.0872717578219206 0.0765625
3 0.1389967976373953 0.2828125 0.09499325256024878 0.075
3 0.23361134762327787 0.26796875 0.09811825256024882 0.075
3 0.33056964760916047 0.253125 0.09664675782192056 0.0765625
3 0.05430400824544361 0.36875 0.0950842578219206 0.0765625
3 0.1497453108621621 0.353125 0.0931577367752332 0.0703125
3 0.2483116134788806 0.3375 0.09655575256024881 0.075
3 0.3406279160955991 0.321875 0.08874325256024881 0.075
3 0.06656951883937448 0.43984375 0.09968075256024875 0.075
3 0.07125004258748498 0.50703125 0.0964647472985769 0.0734375
3 0.15502507408692892 0.4234375 0.09186825256024873 0.075
3 0.25400860565696004 0.4140625 0.10133425782192056 0.0765625
3 0.3480694187970222 0.3953125 0.09499325256024874 0.075
3 0.16099508205002383 0.4953125 0.09370376834526431 0.0796875
3 0.2586436267742346 0.48203125 0.0964647472985769 0.0734375
3 0.353349182021789 0.465625 0.09820925782192055 0.0765625
3 0.558678508033682 0.14609375 0.11005681043863902 0.0921875
3 0.6536269869869947 0.15234375 0.09986276308359229 0.078125
3 0.7478852212019792 0.15703125 0.10500528939195171 0.0859375
3 0.8486209685711433 0.1578125 0.11263577886860787 0.0828125
3 0.5402022528425974 0.221875 0.0999537683452644 0.0796875
3 0.6335882317959101 0.228125 0.1015162683452644 0.0796875
3 0.7295454739034023 0.23046875 0.09848227360693614 0.08125
3 0.8276189528567148 0.23671875 0.10996580517696727 0.090625
3 0.5169929950206769 0.2984375 0.10491428413027978 0.084375
3 0.6160297344973331 0.3015625 0.10178928413027996 0.084375
3 0.7127227239739895 0.3046875 0.0968287683452644 0.0796875
3 0.8117139608198098 0.30859375 0.1112552893919517 0.0859375
3 0.5002157477220999 0.371875 0.1077662683452644 0.0796875
3 0.597780992460428 0.3734375 0.1046412683452644 0.0796875
3 0.6904312240445766 0.37890625 0.10013577886860787 0.0828125
3 0.7908939556287251 0.384375 0.09958974729857709 0.0734375
3 0.4817394925310152 0.44765625 0.11080026308359248 0.078125
3 0.5816939899001794 0.4484375 0.09986276308359229 0.078125
3 0.6759977267459997 0.45234375 0.09986276308359229 0.078125
3 0.7716364504376404 0.46015625 0.10335178413027997 0.084375
3 0.338703582120611 0.56953125 0.1100568104386391 0.0921875
3 0.28501786902290116 0.6328125 0.10353379465362353 0.0875
3 0.2368919111868631 0.69453125 0.10674979991529536 0.0890625
3 0.18178020598166097 0.75546875 0.10674979991529536 0.0890625
3 0.41459895320965073 0.6078125 0.10004477360693613 0.08125
3 0.4933841058687215 0.63671875 0.10326077886860804 0.0828125
3 0.5718507401119408 0.67109375 0.1014252630835923 0.078125
3 0.6512806348785039 0.70234375 0.10473227360693613 0.08125
3 0.36573724800444857 0.66875 0.10142526308359248 0.078125
3 0.3129237901684106 0.73046875 0.09811825256024882 0.075
3 0.26089158233237253 0.7921875 0.09839126834526431 0.0796875
3 0.4420421427710116 0.7 0.10455026308359247 0.078125
3 0.3930894323041377 0.7625 0.10151626834526431 0.0796875
3 0.33554297183726367 0.825 0.10133425782192056 0.0765625
3 0.41198437449633446 0.85390625 0.10491428413027978 0.084375
3 0.4867722718937334 0.884375 0.1018802893919517 0.0859375
3 0.4678318270707007 0.79375 0.09517526308359248 0.078125
3 0.5174747822759027 0.7328125 0.10307876834526439 0.0796875
3 0.5977769323041376 0.7625 0.10004477360693613 0.08125
3 0.5448269665755918 0.8265625 0.1015162683452644 0.0796875