3 0.498727420858437 0.2880288034691592 0.0475295649348082 0.03777271077238851
3 0.5425319679363377 0.29140833352338846 0.042787517856907445 0.03462043969514968
3 0.5878853782447633 0.2940157039366974 0.04435001785690744 0.034629530054229286
3 0.6347876517837137 0.2958509147090859 0.045967064934808025 0.0377636204133089
3 0.5001768725627204 0.326314598648699 0.04276024431795715 0.033057939695149675
3 0.540856419640621 0.32967594798476907 0.04117047077900686 0.031486349336070064
3 0.5870047167185217 0.33306911357761776 0.03966251785690744 0.03460225897699036
3 0.6315496034879968 0.3341094388113869 0.04284206493480802 0.03774543969514967
3 0.49844677718910296 0.3614572131100796 0.03807274431795697 0.03303066861791084
3 0.4959217950460105 0.39581403239192037 0.03807274431795715 0.03303066861791084
3 0.49574056290291796 0.4301844872123805 0.03807274431795715 0.03303066861791084
3 0.5399075742670038 0.3648231076256895 0.039635244317957154 0.03303975897699045
3 0.5844933713449043 0.3682071828594585 0.04117047077900686 0.031486349336070064
3 0.6306280316533299 0.3708190984523073 0.039635244317957154 0.03303975897699045
3 0.5397399788933864 0.39997481244614963 0.038045470779006864 0.03146816861791084
3 0.5812144127407622 0.40412195696175945 0.041197744317957155 0.033048849336070066
3 0.6265814598186629 0.40751057737506846 0.04117047077900686 0.031486349336070064
3 0.536447383519769 0.4351083365484506 0.039607970779006865 0.03147725897699054
3 0.5810331805976696 0.4384924117822197 0.041197744317957155 0.033048849336070066
3 0.6248786379839959 0.444215691836449 0.041197744317957155 0.033048849336070066
3 0.753728566556366 0.3074792819991369 0.04755683847375849 0.03933521077238851
3 0.8039467548679686 0.3202701734896847 0.05073638555165907 0.04247839149054773
3 0.8549325564100961 0.33228436015977225 0.0507091120127086 0.04091589149054773
3 0.9067405182606493 0.3466468420093996 0.05232615909060954 0.044049981849627426
3 0.739525744721699 0.34411167358788053 0.04750229139585791 0.03621021077238851
3 0.7874274565722519 0.35845142953980885 0.04911933847375849 0.03934430113146812
3 0.8360831448838546 0.371233230671277 0.049092064934808374 0.03778180113146821
3 0.8878774699649327 0.3848144625209044 0.05536933847375849 0.03938066256778665
3 0.722979172887032 0.3807304296380047 0.0475295649348082 0.03777271077238851
3 0.7692911111986346 0.39349859523085345 0.04591251785690744 0.034638620413308986
3 0.8171928230491877 0.4078383511827818 0.05062729139585791 0.036228391490547726
3 0.8697683981302656 0.42142412821194897 0.05224433847375849 0.03936248184962743
3 0.7079541907439394 0.4150145260472085 0.04593979139585791 0.03620112041330899
3 0.7542934025944925 0.42934519164005724 0.04906479139585791 0.036219301131468026
3 0.8029900012145207 0.44447074277152543 0.05065456493480802 0.03779089149054791
3 0.8540030762955986 0.4580474294416129 0.05377956493480838 0.037809072208706954
3 0.692942845370322 0.4500798724564124 0.04747501785690744 0.034647710772388506
3 0.7377059204513999 0.4636201976901814 0.04593979139585791 0.03620112041330899
3 0.7848536558409034 0.47951790846257003 0.04750229139585791 0.03621021077238851
3 0.8343178676914565 0.4938667547735779 0.049092064934808374 0.03778180113146803
3 0.6108940044609316 0.49334808342519254 0.045994338473758486 0.03932612041330898
3 0.6449786781620377 0.5216685261454044 0.04281479139585791 0.03618293969514959
3 0.6774463047852431 0.5468548785065366 0.0459670649348082 0.03776362041330898
3 0.7123258652558244 0.5759611164062882 0.04909206493480802 0.03778180113146803
3 0.7495082654179802 0.6027372398446592 0.053834112012708955 0.04093407220870695
3 0.580861631084137 0.5181708214231401 0.04914661201270878 0.04090680113146803
3 0.6149190312462928 0.5449287641433519 0.04752956493480802 0.03777271077238851
3 0.6481815446389734 0.5709009116840239 0.0475295649348082 0.03777271077238851
3 0.6814713315706044 0.5984355592246958 0.049037517856907444 0.034656801131468205
3 0.7171048685022352 0.6259838423039872 0.05229888555165907 0.04248748184962743
3 0.5531184606294418 0.5398821949597069 0.04755683847375849 0.03933521077238851
3 0.5848457475610728 0.5674077521412993 0.04281479139585791 0.03618293969514959
3 0.6173270109537533 0.5933753545024315 0.0475295649348082 0.03777271077238851
3 0.6521792978853843 0.6209190924021831 0.042787517856907445 0.03462043969514959
3 0.6870315848170152 0.6484628303019347 0.05218979139585791 0.036237481849627426
3 0.521496313713697 0.5631333425985747 0.04914661201270896 0.04090680113146803
3 0.5578974638758527 0.589904920857406 0.0490920649348082 0.03778180113146821
3 0.5888162272685332 0.6158634328594585 0.04755683847375849 0.03933521077238851
3 0.6229009009696395 0.6441838755796703 0.04750229139585791 0.03621021077238851
3 0.6577395511317952 0.6709463634794219 0.0522170649348082 0.03779998184962743