3 0.75625 0.3965081641313895 0.065625 0.05465243882958344
3 0.69921875 0.3818994970532992 0.0578125 0.052908100873680655
3 0.6421875 0.36729082997520884 0.059375 0.051381968464861136
3 0.584375 0.3511014791015282 0.0609375 0.052980836056041716
3 0.7421875 0.4399308558107645 0.0546875 0.0512728656913195
3 0.68828125 0.4253949239150353 0.0609375 0.04829333605604162
3 0.63203125 0.41236694063253526 0.05625 0.04818423328249999
3 0.5734375 0.3961594059632644 0.0546875 0.046585365691319505
3 0.73125 0.4818637826725006 0.053125 0.046548998100139016
3 0.67890625 0.466582968367952 0.05625 0.04818423328249999
3 0.62265625 0.4543362350854519 0.05625 0.04818423328249999
3 0.5640625 0.43812870041618107 0.0515625 0.048075130508958355
3 0.7234375 0.5246506947165978 0.05625 0.04974673328249999
3 0.66875 0.5077528290252783 0.0609375 0.05610583605604162
3 0.6125 0.4970685957427783 0.059375 0.04981946846486114
3 0.553125 0.48084287727791714 0.05625 0.04818423328249999
3 0.7140625 0.5650574891695145 0.05625 0.04974673328249999
3 0.65546875 0.5527562045002435 0.053125 0.04811149810013902
3 0.60078125 0.5389833388089241 0.059375 0.051381968464861136
3 0.54296875 0.5259189879352435 0.05625 0.05130923328249999
3 0.440625 0.32197441071291705 0.059375 0.05763196846486114
3 0.38203125 0.3182668760436461 0.0609375 0.05610583605604171
3 0.32421875 0.3145775251699655 0.059375 0.05294446846486114
3 0.26171875 0.30921657152274323 0.0671875 0.056251306420763925
3 0.44453125 0.36659657969086845 0.0609375 0.051418336056041715
3 0.3875 0.3652691626127781 0.0640625 0.05305357123840286
3 0.328125 0.3623246941479169 0.0609375 0.052980836056041716
3 0.26953125 0.35627340947864605 0.0625 0.057704703647222286
3 0.45234375 0.41365341764677116 0.0625 0.05145470364722229
3 0.3953125 0.41154475056868095 0.0640625 0.05305357123840295
3 0.33359375 0.4069832307170489 0.065625 0.05465243882958344
3 0.2734375 0.40323932845659743 0.0625 0.05301720364722229
3 0.45859375 0.45833013801149347 0.0625 0.05145470364722229
3 0.39921875 0.45694816954663225 0.059375 0.049819468464861315
3 0.3390625 0.4532042672861808 0.0640625 0.05305357123840295
3 0.28046875 0.45027798261691 0.0625 0.05457970364722229
3 0.4625 0.5045148069894448 0.0625 0.05457970364722229
3 0.40390625 0.5015885223201739 0.0625 0.05614220364722229
3 0.34453125 0.49942530385531275 0.0640625 0.05461607123840295
3 0.284375 0.49646265159486136 0.065625 0.05933993882958344
3 0.5453125 0.5915985393220143 0.06875 0.05785017401194459
3 0.49375 0.606023408813056 0.0609375 0.052980836056041626
3 0.44453125 0.6236278296908685 0.0625 0.05457970364722229
3 0.39453125 0.6404328167730906 0.0609375 0.0529808360560418
3 0.33984375 0.6555662010817711 0.06875 0.05941267401194459
3 0.575 0.633695773554445 0.0625 0.05301720364722229
3 0.5234375 0.6496831430454866 0.059375 0.05294446846486114
3 0.471875 0.6641080125365282 0.059375 0.05450696846486132
3 0.42109375 0.6816760658231601 0.0625 0.05457970364722229
3 0.365625 0.6975725163362503 0.0703125 0.05788654160312508
3 0.60078125 0.6741395888089242 0.0609375 0.05454333605604163
3 0.55 0.691707642095556 0.0640625 0.05305357123840295
3 0.5 0.7053876291777781 0.0640625 0.05461607123840295
3 0.45 0.7229738662600004 0.0625 0.05145470364722229
3 0.39765625 0.7389430519554517 0.06875 0.054725174011944586
3 0.6328125 0.7155101244281254 0.06875 0.05316267401194459
3 0.578125 0.732206008736806 0.0609375 0.052980836056041626
3 0.5296875 0.7482661134102088 0.059375 0.051381968464861136
3 0.475 0.7649619977188893 0.065625 0.05152743882958344
3 0.42578125 0.7794414185967018 0.0640625 0.05461607123840295