2 0.2265625 0.83359375 0.453125 0.3328125
2 0.27578125 0.73984375 0.39375 0.3109375
2 0.58203125 0.66171875 0.18125 0.14921875
2 0.58359375 0.79296875 0.0953125 0.121875
2 0.7546875 0.18515625 0.1953125 0.12421875
2 0.80390625 0.2953125 0.13359375 0.1109375
2 0.61796875 0.3109375 0.2015625 0.09375
2 0.61953125 0.2375 0.1640625 0.078125
2 0.478125 0.2703125 0.13671875 0.1234375
2 0.2546875 0.2890625 0.3546875 0.06796875
2 0.11484375 0.35390625 0.13984375 0.13203125
2 0.3109375 0.3671875 0.2828125 0.1046875
2 0.46953125 0.38515625 0.13828125 0.12421875
2 0.590625 0.39453125 0.13515625 0.15546875
2 0.828125 0.58984375 0.34375 0.53203125
2 0.1453125 0.5109375 0.20078125 0.1890625
2 0.328125 0.4859375 0.15625 0.14140625
2 0.51953125 0.5125 0.25390625 0.13984375
2 0.23828125 0.07890625 0.34296875 0.08125
2 0.19765625 0.18125 0.25078125 0.12578125
2 0.540625 0.18359375 0.275 0.14296875
2 0.771875 0.06796875 0.1359375 0.1359375
2 0.55390625 0.0640625 0.16875 0.0859375