2 0.7765625 0.16015625 0.446875 0.31953125
2 0.73359375 0.24609375 0.403125 0.31875
2 0.4203125 0.32578125 0.1859375 0.153125
2 0.41875 0.1921875 0.09765625 0.12421875
2 0.24296875 0.81484375 0.2 0.12734375
2 0.19296875 0.7015625 0.13671875 0.11328125
2 0.38359375 0.68515625 0.20625 0.09609375
2 0.38203125 0.7609375 0.16875 0.08046875
2 0.5265625 0.72734375 0.13984375 0.12578125
2 0.75546875 0.7078125 0.3640625 0.06953125
2 0.8984375 0.6421875 0.14296875 0.1359375
2 0.69765625 0.62734375 0.28984375 0.10703125
2 0.53515625 0.609375 0.14140625 0.12734375
2 0.4109375 0.6 0.13828125 0.159375
2 0.171875 0.39921875 0.34375 0.5453125
2 0.8671875 0.48046875 0.20625 0.19375
2 0.68046875 0.50625 0.16015625 0.1453125
2 0.484375 0.47890625 0.26015625 0.14375
2 0.77265625 0.9234375 0.35078125 0.08359375
2 0.81328125 0.81875 0.25625 0.12890625
2 0.46171875 0.81640625 0.28203125 0.146875
2 0.22578125 0.93203125 0.1390625 0.13515625
2 0.4484375 0.93828125 0.1734375 0.08828125