2 0.1984375 0.71015625 0.3921875 0.3734375
2 0.1921875 0.37578125 0.384375 0.2890625
2 0.47578125 0.3703125 0.25078125 0.15234375
2 0.71953125 0.34921875 0.23359375 0.16015625
2 0.9171875 0.37578125 0.165625 0.29765625
2 0.0953125 0.2890625 0.18984375 0.21484375
2 0.2375 0.134375 0.24375 0.26875
2 0.4296875 0.13671875 0.21484375 0.27265625
2 0.61796875 0.153125 0.2109375 0.30546875
2 0.80390625 0.13671875 0.1609375 0.27265625
2 0.8203125 0.14453125 0.17734375 0.2890625
2 0.95625 0.16328125 0.08671875 0.3265625