2 0.19765625 0.29140625 0.3828125 0.3640625
2 0.18984375 0.6171875 0.37890625 0.28203125
2 0.46796875 0.621875 0.24453125 0.14921875
2 0.70625 0.64296875 0.228125 0.15703125
2 0.909375 0.6171875 0.18125 0.290625
2 0.0953125 0.7015625 0.190625 0.209375
2 0.2359375 0.8609375 0.23828125 0.278125
2 0.4234375 0.85859375 0.209375 0.28203125
2 0.6078125 0.8421875 0.20625 0.315625
2 0.78828125 0.85859375 0.15703125 0.28203125
2 0.8046875 0.85078125 0.1734375 0.2984375
2 0.94765625 0.8328125 0.1046875 0.334375