2 0.39302884615384615 0.13341346153846154 0.19230769230769232 0.13942307692307693
2 0.5913461538461539 0.13341346153846154 0.20432692307692307 0.13942307692307693
2 0.2932692307692308 0.265625 0.203125 0.13942307692307693
2 0.48677884615384615 0.2692307692307692 0.15384615384615385 0.13341346153846154
2 0.6790865384615384 0.2692307692307692 0.21153846153846154 0.13341346153846154
2 0.2848557692307692 0.4014423076923077 0.2283653846153846 0.1310096153846154
2 0.49038461538461536 0.40024038461538464 0.1875 0.125
2 0.6935096153846154 0.39903846153846156 0.2127403846153846 0.1346153846153846
2 0.18509615384615385 0.5420673076923077 0.24519230769230768 0.15625
2 0.39903846153846156 0.5252403846153846 0.1814903846153846 0.12620192307692307
2 0.5817307692307693 0.5288461538461539 0.1875 0.12860576923076922
2 0.7920673076923077 0.5384615384615384 0.22956730769230768 0.1502403846153846
2 0.18990384615384615 0.6790865384615384 0.21995192307692307 0.15625
2 0.39903846153846156 0.6622596153846154 0.18990384615384615 0.1346153846153846
2 0.6045673076923077 0.6598557692307693 0.22115384615384615 0.14182692307692307
2 0.8233173076923077 0.6766826923076923 0.25721153846153844 0.1502403846153846
2 0.18990384615384615 0.8125 0.2403846153846154 0.18990384615384615
2 0.39903846153846156 0.7740384615384616 0.1814903846153846 0.15144230769230768
2 0.5889423076923077 0.7800480769230769 0.1814903846153846 0.16706730769230768
2 0.7992788461538461 0.8100961538461539 0.2403846153846154 0.19831730769230768