2 0.334375 0.71953125 0.21171875 0.26875
2 0.17421875 0.6515625 0.1140625 0.22109375
2 0.06171875 0.57734375 0.12265625 0.1546875
2 0.06796875 0.440625 0.1359375 0.11875
2 0.33125 0.45390625 0.20234375 0.25625
2 0.18046875 0.4796875 0.1078125 0.134375
2 0.18515625 0.34453125 0.13828125 0.15390625
2 0.0859375 0.29296875 0.08046875 0.1453125
2 0.3359375 0.21796875 0.21796875 0.23984375
2 0.190625 0.1328125 0.0796875 0.265625
2 0.265625 0.04765625 0.06328125 0.0953125
2 0.09296875 0.1703125 0.09453125 0.140625
2 0.01640625 0.2265625 0.0328125 0.278125
2 0.09921875 0.0578125 0.0796875 0.11484375
2 0.028125 0.04375 0.05546875 0.0875
2 0.8796875 0.5625 0.09609375 0.0765625
2 0.5015625 0.43671875 0.16171875 0.2703125
2 0.60390625 0.53671875 0.0703125 0.05