2 0.70078125 0.2921875 0.2203125 0.2796875
2 0.86796875 0.3625 0.11875 0.23046875
2 0.9609375 0.43984375 0.078125 0.1609375
2 0.9546875 0.5828125 0.090625 0.12421875
2 0.7046875 0.56875 0.2109375 0.2671875
2 0.86171875 0.54140625 0.1125 0.13984375
2 0.85703125 0.68203125 0.14453125 0.16015625
2 0.95859375 0.73359375 0.0828125 0.153125
2 0.69921875 0.8140625 0.2265625 0.24921875
2 0.8515625 0.88203125 0.0828125 0.23515625
2 0.77265625 0.97109375 0.06640625 0.0578125
2 0.95 0.8609375 0.1 0.14375
2 0.94609375 0.9609375 0.0828125 0.078125
2 0.13359375 0.45546875 0.1 0.0796875
2 0.52734375 0.58671875 0.16796875 0.28125
2 0.4203125 0.48203125 0.07265625 0.05234375