2 0.68671875 0.8625 0.346875 0.234375
2 0.715625 0.634375 0.26171875 0.2234375
2 0.7203125 0.4078125 0.26484375 0.2578125
2 0.7171875 0.228125 0.25546875 0.203125
2 0.7140625 0.10078125 0.2578125 0.2015625
2 0.4953125 0.30703125 0.184375 0.2140625
2 0.4625 0.64765625 0.23046875 0.1828125
2 0.5125 0.15859375 0.1875 0.1875
2 0.19765625 0.5109375 0.25625 0.3765625
2 0.3671875 0.4421875 0.07734375 0.234375
2 0.37265625 0.05234375 0.15703125 0.1046875
2 0.39453125 0.1375 0.11328125 0.09921875
2 0.303125 0.165625 0.14375 0.13671875
2 0.17421875 0.2171875 0.146875 0.13984375
2 0.1578125 0.0875 0.1609375 0.13515625
2 0.27109375 0.05546875 0.1265625 0.10859375