2 0.3296875 0.13046875 0.3390625 0.2296875
2 0.3015625 0.353125 0.25625 0.2171875
2 0.296875 0.57421875 0.259375 0.2515625
2 0.3 0.74921875 0.25 0.1984375
2 0.30546875 0.88828125 0.2515625 0.21875
2 0.51640625 0.67265625 0.1796875 0.2078125
2 0.5484375 0.33984375 0.225 0.1796875
2 0.5 0.8171875 0.1828125 0.184375
2 0.80703125 0.4734375 0.25 0.36875
2 0.64140625 0.540625 0.075 0.2296875
2 0.6359375 0.93515625 0.153125 0.1296875
2 0.61484375 0.83828125 0.1109375 0.096875
2 0.7046875 0.8109375 0.140625 0.134375
2 0.8296875 0.7609375 0.14375 0.1359375
2 0.84609375 0.8875 0.1578125 0.1328125
2 0.73515625 0.91796875 0.1234375 0.10625