2 0.33515625 0.1234375 0.353125 0.23828125
2 0.30546875 0.35546875 0.26640625 0.22734375
2 0.30078125 0.5859375 0.26953125 0.26171875
2 0.30390625 0.76796875 0.26015625 0.20625
2 0.30703125 0.89765625 0.2625 0.2046875
2 0.5296875 0.68828125 0.1875 0.2171875
2 0.5625 0.34140625 0.234375 0.1859375
2 0.5125 0.8390625 0.190625 0.190625
2 0.83203125 0.48125 0.26015625 0.3828125
2 0.659375 0.55 0.078125 0.23828125
2 0.65390625 0.946875 0.16015625 0.10625
2 0.63203125 0.86015625 0.11484375 0.10078125
2 0.725 0.83125 0.14609375 0.1390625
2 0.85546875 0.7796875 0.14921875 0.1421875
2 0.87265625 0.9109375 0.16328125 0.1375
2 0.75703125 0.94375 0.12890625 0.11015625