0 0.8754692927992466 0.7296875 0.08029371572854557 0.0640625
0 0.806590490182528 0.7453125 0.07248121572854557 0.0640625
0 0.7359671770424658 0.7640625 0.07597023677523325 0.0703125
0 0.6599206165332395 0.78203125 0.08212923151356133 0.06875
0 0.8707432664203001 0.66328125 0.07560621572854594 0.0640625
0 0.7963957138035817 0.67890625 0.0707367052052021 0.0609375
0 0.727562413817699 0.69375 0.08065773677523325 0.0703125
0 0.6515613559393086 0.7109375 0.08212923151356133 0.06875
0 0.8603664795180099 0.6 0.06752069994353035 0.059375
0 0.7931866847937993 0.61328125 0.06944722099021768 0.065625
0 0.7251801374387525 0.62734375 0.08525423151356133 0.06875
0 0.65009683745287 0.6421875 0.08038472099021768 0.065625
0 0.8554584426157199 0.53671875 0.07404371572854593 0.0640625
0 0.7900231584148528 0.546875 0.07551521046687384 0.0625
0 0.7174201163214781 0.559375 0.07404371572854576 0.0640625
0 0.6393483242281033 0.571875 0.08525423151356133 0.06875
0 0.8521584083442656 0.47265625 0.07100972099021767 0.065625
0 0.7813908820359063 0.48046875 0.08083974729857708 0.0734375
0 0.7119128399425316 0.49296875 0.07882222099021767 0.065625
0 0.6355855583725005 0.50234375 0.08065773677523325 0.0703125
0 0.44381820342141226 0.83046875 0.10298776308359248 0.078125
0 0.3476334481597404 0.83203125 0.10647678413027988 0.084375
0 0.24488017448221705 0.8390625 0.10684080517696729 0.090625
0 0.13219816395887335 0.8421875 0.11934080517696724 0.090625
0 0.4633487243975124 0.75 0.10813028939195171 0.0859375
0 0.36959872439751246 0.75 0.09977175782192065 0.0765625
0 0.2709792138741688 0.753125 0.11152830517696728 0.090625
0 0.15930596650500467 0.75234375 0.11327281570031093 0.09375
0 0.4829247480044486 0.66875 0.09691977360693613 0.08125
0 0.39073724800444865 0.66875 0.09691977360693613 0.08125
0 0.29413526378946414 0.6640625 0.10693181043863902 0.0921875
0 0.18636826642030008 0.66328125 0.11483531570031094 0.09375
0 0.5020912479338614 0.59453125 0.0902147472985769 0.0734375
0 0.413301763718877 0.58984375 0.09710178413027978 0.084375
0 0.3175265321347284 0.584375 0.1096927893919517 0.0859375
0 0.2132485558122518 0.57734375 0.11171031570031094 0.09375
0 0.5228657504941102 0.51953125 0.09535727360693613 0.08125
0 0.4359117820641413 0.51015625 0.0956302893919517 0.0859375
0 0.33880156363417235 0.50078125 0.11023882096198286 0.0953125
0 0.23144408994253163 0.49296875 0.1244833314853265 0.0984375
0 0.6525294056428426 0.39921875 0.09039675782192055 0.0765625
0 0.5852277845538029 0.3609375 0.09205026308359247 0.078125
0 0.5211876713572708 0.3203125 0.0937037683452644 0.0796875
0 0.44694580552990304 0.28046875 0.0987552893919517 0.0859375
0 0.3745394554875508 0.2359375 0.10822129465362354 0.0875
0 0.6916520898013573 0.34453125 0.0937037683452644 0.0796875
0 0.6329897213431535 0.30546875 0.0843287683452644 0.0796875
0 0.564815844992442 0.26875 0.10169827886860787 0.0828125
0 0.5001764923192538 0.225 0.09388577886860805 0.0828125
0 0.41830413701522956 0.18203125 0.11897678413027979 0.084375
0 0.7361525186982002 0.29140625 0.08727175782192056 0.0765625
0 0.6744561555016683 0.25078125 0.09168624203690498 0.071875
0 0.6142312870434644 0.21171875 0.08883425782192056 0.0765625
0 0.5463759291086043 0.16953125 0.0937037683452644 0.0796875
0 0.4793473238045802 0.1265625 0.10160727360693614 0.08125
0 0.7772549318100275 0.24296875 0.08405575256024882 0.075
0 0.7172575765060033 0.2 0.08074874203690499 0.071875
0 0.6579049633094713 0.159375 0.0855272472985769 0.0734375
0 0.5979076080054473 0.11640625 0.08432876834526422 0.0796875
0 0.5276629974397512 0.075 0.1015162683452644 0.0796875