0 0.1890625 0.146875 0.0828125 0.0703125
0 0.28125 0.16484375 0.0828125 0.06875
0 0.37109375 0.1765625 0.0859375 0.0609375
0 0.4640625 0.18828125 0.0875 0.0640625
0 0.17265625 0.21875 0.0796875 0.0625
0 0.2609375 0.23359375 0.0765625 0.05625
0 0.353125 0.24609375 0.0828125 0.0546875
0 0.44609375 0.25859375 0.084375 0.0609375
0 0.153125 0.2875 0.0875 0.059375
0 0.2453125 0.303125 0.071875 0.059375
0 0.33515625 0.3140625 0.084375 0.0625
0 0.4296875 0.3296875 0.0859375 0.059375
0 0.1375 0.35546875 0.0765625 0.0625
0 0.22578125 0.36875 0.0796875 0.059375
0 0.315625 0.3828125 0.0765625 0.059375
0 0.40625 0.3984375 0.0828125 0.059375
0 0.11796875 0.425 0.084375 0.05625
0 0.20703125 0.4375 0.078125 0.0546875
0 0.296875 0.45234375 0.075 0.05625
0 0.390625 0.46796875 0.075 0.0609375
0 0.690625 0.234375 0.084375 0.0671875
0 0.7734375 0.26640625 0.0859375 0.0609375
0 0.85859375 0.29609375 0.084375 0.06875
0 0.94453125 0.32734375 0.0875 0.06875
0 0.646875 0.29609375 0.090625 0.0640625
0 0.73359375 0.32890625 0.0921875 0.0609375
0 0.8171875 0.36015625 0.084375 0.0640625
0 0.90546875 0.3921875 0.0921875 0.0671875
0 0.60234375 0.3625 0.0875 0.0640625
0 0.68828125 0.390625 0.084375 0.0625
0 0.77265625 0.4234375 0.084375 0.0625
0 0.859375 0.45625 0.0859375 0.0640625
0 0.5625 0.425 0.0859375 0.0640625
0 0.646875 0.453125 0.0828125 0.0671875
0 0.7296875 0.4859375 0.084375 0.0671875
0 0.8140625 0.51640625 0.090625 0.0640625
0 0.5171875 0.484375 0.0859375 0.0671875
0 0.603125 0.51875 0.078125 0.0640625
0 0.6859375 0.5484375 0.0828125 0.059375
0 0.77265625 0.58203125 0.0875 0.0671875
0 0.3375 0.56328125 0.0828125 0.0640625
0 0.3953125 0.61796875 0.084375 0.0640625
0 0.45234375 0.6703125 0.084375 0.0625
0 0.51171875 0.72578125 0.0859375 0.0640625
0 0.57421875 0.78046875 0.0859375 0.0640625
0 0.26484375 0.6046875 0.0875 0.06875
0 0.325 0.66328125 0.084375 0.0640625
0 0.3859375 0.7125 0.084375 0.0671875
0 0.4421875 0.7671875 0.0875 0.0671875
0 0.50703125 0.82421875 0.0875 0.0671875
0 0.19453125 0.64921875 0.0875 0.06875
0 0.2546875 0.70390625 0.084375 0.0640625
0 0.31171875 0.7578125 0.084375 0.0625
0 0.3703125 0.81171875 0.084375 0.0640625
0 0.43046875 0.865625 0.0875 0.0625
0 0.128125 0.69375 0.0875 0.0625
0 0.184375 0.74609375 0.084375 0.0703125
0 0.24140625 0.8015625 0.0875 0.0640625
0 0.303125 0.85625 0.0859375 0.0640625
0 0.3625 0.91015625 0.084375 0.0671875