0 0.43705329581026026 0.7224900235356551 0.0476154796419344 0.03672843262956001
0 0.48085336058508493 0.7224724326262646 0.0427277205426357 0.03352161201270896
0 0.526165860585085 0.7232633652558244 0.04429022054263569 0.033548885551659066
0 0.5729907958102602 0.7248628214243347 0.045952850092285044 0.035138659090609536
0 0.441800155001844 0.6850309338440805 0.04262759099298634 0.03195911201270896
0 0.48252528455149335 0.6841775458567894 0.04252746144333699 0.03039661201270878
0 0.529450349326318 0.6842145020252997 0.039602720542635694 0.0334670649348082
0 0.5731002197766686 0.6865406611159092 0.0429279796419344 0.036646612012708954
0 0.4433218846437784 0.6490797970746055 0.03794009099298634 0.03187729139585791
0 0.44474348473606345 0.6146911603051303 0.03794009099298634 0.03187729139585791
0 0.4477275848283485 0.5803297970746055 0.03794009099298634 0.03187729139585791
0 0.48477819941860306 0.6490212958567894 0.03950259099298634 0.0319045649348082
0 0.5301407641934277 0.6490309784863493 0.04252746144333717 0.030396612012708955
0 0.5762345141934276 0.6498355478853843 0.03950259099298634 0.0319045649348082
0 0.4885936142857128 0.6138923193957397 0.03783996144333699 0.03031479139585791
0 0.530881243835362 0.6130662049473989 0.041065090992986344 0.03193183847375849
0 0.5762438086101866 0.6130758875769587 0.040964961443336986 0.03036933847375849
0 0.48850277915282253 0.5786951590873143 0.03940246144333699 0.03034206493480802
0 0.5330840939276471 0.5786912049473989 0.041065090992986344 0.03193183847375849
0 0.5778156030269457 0.5763435008074836 0.041065090992986344 0.03193183847375849
0 0.6927723696843835 0.7230429971540356 0.047715609191583755 0.03829093262955983
0 0.7434732765319287 0.7129782504004465 0.0509407387412331 0.039907979707460586
0 0.795586489055 0.7052845271858077 0.05084060919158375 0.038345479707460585
0 0.8478498959025453 0.6952470539711689 0.052603368290882455 0.041497753246410876
0 0.6819442936507919 0.6845299220729577 0.047415220542635694 0.03360343262955982
0 0.7303014504983372 0.6744242650109431 0.04927810919158375 0.038318206168510116
0 0.7809522925710578 0.665140768257354 0.04907785009228505 0.03519320616851011
0 0.833996949418603 0.6551169318121903 0.0554279796419344 0.03686480032431163
0 0.668672338067551 0.6475384366834543 0.0476154796419344 0.03672843262956001
0 0.7161981801402716 0.6382003928519645 0.04585272054263569 0.033576159090609535
0 0.7654367165374661 0.6265458725594251 0.0505402205426357 0.03365797970746058
0 0.8192125586101866 0.6173169228837366 0.0523029796419344 0.03681025324641087
0 0.6576940677094854 0.6113691116023764 0.04585272054263569 0.033576159090609535
0 0.7045387893318552 0.6004549310014115 0.04907785009228505 0.03519320616851011
0 0.7552897609542252 0.5896089342478223 0.0491779796419344 0.036755706168510115
0 0.8067719178017704 0.5795578242637085 0.0538654796419344 0.03683752678536116
0 0.6459345473514198 0.5751861497518235 0.047415220542635694 0.033603432629560004
0 0.6919479541989649 0.5650395823813833 0.045952850092285044 0.035138659090609536
0 0.7404052405961595 0.5533714253193687 0.047515350092285046 0.035165932629559825
0 0.7903749622185294 0.5425117917963043 0.0491779796419344 0.036755706168510115
0 0.5685698133905487 0.5253440624958808 0.0460529796419344 0.03670115909060954
0 0.6053782009597625 0.5001764671222635 0.0427277205426357 0.03352161201270878
0 0.6404738942045023 0.47732534820969585 0.0460529796419344 0.03670115909060954
0 0.6773323465485408 0.4513765028360785 0.04907785009228505 0.03519320616851011
0 0.7172156693429299 0.42704470454036175 0.053965609191583754 0.03840002678536116
0 0.5413157009597624 0.49905825202529963 0.04927810919158375 0.038318206168510116
0 0.5772927737541516 0.47465826988220705 0.047515350092285046 0.035165932629560005
0 0.6131697169988914 0.4518207877391146 0.045952850092285044 0.035138659090609536
0 0.6491968545681053 0.4266395555960221 0.048877590992986344 0.03206820616851012
0 0.687567742137319 0.401499233761355 0.0525032387412331 0.039935253246410875
0 0.5154738942045023 0.47514346509366867 0.0476154796419344 0.036728432629559826
0 0.5499385317737161 0.4499349594116258 0.04282785009228505 0.03508411201270878
0 0.5850842897932805 0.4263025904990581 0.047515350092285046 0.035165932629559825
0 0.6218926773624943 0.40113499512544076 0.0427277205426357 0.03352161201270878
0 0.6594322501568836 0.3767622865212986 0.05220285009228505 0.03524775324641087
0 0.4866072169988914 0.4496116310841371 0.04927810919158375 0.038318206168510116
0 0.5248779750184559 0.4260338092494701 0.0491779796419344 0.036755706168510115
0 0.558511297812845 0.401592916797952 0.047715609191583755 0.03829093262955983
0 0.5953196853820588 0.37642532142433466 0.047515350092285046 0.035165932629559825
0 0.632859258176448 0.35205261282019246 0.05220285009228505 0.03524775324641087