0 0.13281641926229185 0.20007163064927352 0.06998649810013893 0.05392497867599957
0 0.20225675028434043 0.19535631130650125 0.060647865691319504 0.05537839067472685
0 0.2739862799196182 0.18826996996341078 0.06391833605604172 0.0616647533418178
0 0.35122092714607656 0.18268249395291125 0.07009560087368065 0.05861247867599957
0 0.1312370418874655 0.2665142433163644 0.0637728656913195 0.05541475334181776
0 0.20618249050069465 0.2632977893061831 0.060538762917777864 0.05069089067472685
0 0.2756410053183336 0.2593637199634108 0.06856946846486114 0.06015679734245412
0 0.3528938363403822 0.2545574939529113 0.07009560087368065 0.05861247867599957
0 0.1358712969214586 0.33132163064927356 0.05741376291777782 0.050654528007636035
0 0.20380367933027807 0.3289682426400467 0.05755923328249999 0.05690452800763594
0 0.27171787794350727 0.3258336046308198 0.07322060087368065 0.05864884134309047
0 0.3474627603523267 0.3233893099538657 0.0684603656913195 0.055469297342454114
0 0.13501861815986144 0.39541140264959174 0.062173998100138926 0.05383407200827239
0 0.20066180195545172 0.395429036640683 0.06526263050895835 0.05230793467536321
0 0.273336235751042 0.39536485463081983 0.06373649810013893 0.05385225334181776
0 0.35147941954663225 0.3952370379535476 0.07322060087368065 0.05864884134309047
0 0.1318221893982643 0.45952844665022796 0.059121733282500075 0.05692270934118149
0 0.20302504217180592 0.4633886959739103 0.0670797036472223 0.06326361600890866
0 0.27253810837621567 0.46179837663113793 0.0684603656913195 0.055469297342454024
0 0.3491915273541671 0.4648137412874112 0.06856946846486114 0.06015679734245403
0 0.5689351040078126 0.1692086979233217 0.09055357123840295 0.06509883601209036
0 0.6646112799196182 0.18372463657704957 0.0922615416031249 0.07136701734563582
0 0.7664101692622919 0.19269909989659567 0.09237064437666671 0.07605451734563581
0 0.878528962765278 0.20858663454809637 0.10487064437666689 0.07619996801399935
0 0.5425921159756599 0.24609846192713972 0.0938240416031249 0.07138519867918128
0 0.6351614756830558 0.2614320132479585 0.08739220364722229 0.06349997334499946
0 0.7331450340036808 0.2743581799013682 0.09549564437666672 0.07609088001272664
0 0.842992812689028 0.293397986553187 0.09869337955902786 0.07925224267981754
0 0.5154860617390975 0.3237785665977304 0.08285017401194458 0.0696954293443632
0 0.6064929214464934 0.3391302992520947 0.08281380642076393 0.06813292934436319
0 0.7015151339274308 0.3591240785725952 0.09088087955902786 0.07916133601209037
0 0.8082197288171878 0.377418997891505 0.09869337955902786 0.07925224267981754
0 0.4897970371378129 0.39519048993477573 0.07798083605604163 0.06182838534372683
0 0.5769703820275698 0.41371267592300354 0.08292290919430556 0.0728204293443632
0 0.6712477120996879 0.4352780459102769 0.09538654160312507 0.07140338001272681
0 0.7733920935585769 0.45909625922982294 0.09556837955902786 0.07921588001272664
0 0.46176426253652814 0.4666296852721391 0.08128767401194459 0.06967724801081765
0 0.5474842101998268 0.48985755259391245 0.07983427678548623 0.07434656667727228
0 0.642615525454306 0.5145388319144131 0.09407861474138901 0.08232269867918127
0 0.7479212745043755 0.5398831825668682 0.10814111474138884 0.08248633068109026
0 0.32261280318972274 0.5651500959580019 0.07652743882958343 0.06649770401018137
0 0.3854953161075005 0.6144319332829569 0.07965243882958344 0.06653406667727228
0 0.44528919661645894 0.6653126332750027 0.07965243882958326 0.06653406667727228
0 0.5144762609210075 0.7168654952657758 0.08452177678548622 0.07440111067790856
0 0.582209927999098 0.7731240385900945 0.09229790919430556 0.07292951734563573
0 0.2791907647207297 0.6133245139640471 0.07968880642076392 0.06809656667727229
0 0.3334613438429172 0.661925098623502 0.0703501740119445 0.06954997867599957
0 0.3970887391695145 0.7096353452816843 0.08753767401194441 0.06974997334499947
0 0.456955354860834 0.76364104527373 0.0797251740119446 0.0696590666772721
0 0.5340640219389243 0.8197905005967758 0.10625130642076393 0.06840564934754453
0 0.22946417486496581 0.659227907304274 0.07336607123840286 0.06489884134309047
0 0.28689612157833394 0.709354629296638 0.07950696846486113 0.06028406667727211
0 0.3427292007005215 0.7579370326225475 0.07649107123840278 0.06493520401018138
0 0.40648388259625073 0.8111160292807298 0.0797251740119446 0.0696590666772721
0 0.4686942482875702 0.8650944572724573 0.08902743882958326 0.06664315467854465
0 0.1850972322356603 0.700380165977092 0.07024107123840281 0.06486247867599956
0 0.24023998033579924 0.7528779099697742 0.06860583605604172 0.06171929734245403
0 0.29532817704916736 0.8030319039624562 0.07332970364722229 0.06333634134309066
0 0.3504709251493063 0.8555296479551384 0.0703501740119445 0.06954997867599957
0 0.41578810704503544 0.9086904632797752 0.08746493882958344 0.06662497334499946