0 0.734314124264831 0.03817876339626266 0.099898180687266 0.07635752679252532
0 0.6511231659879451 0.07316862497575419 0.09973440637700666 0.09215529121570665
0 0.5668234090905401 0.11143364164565361 0.10096935775648763 0.08603283697334119
0 0.4801799021931351 0.14988997695200487 0.10425813206674714 0.08941292848861027
0 0.7699484090905401 0.09485269315316402 0.09628185775648745 0.08565019970043757
0 0.6880333457707 0.13370764118661166 0.08962242198083885 0.07732751666989945
0 0.6022120324508599 0.17288145361414564 0.09430992198083885 0.07771015394280303
0 0.516349775553455 0.21127401604167964 0.09932497060135788 0.08434279121570665
0 0.8068585888732949 0.15539170936402152 0.10228619629109836 0.08147288273097572
0 0.7219004127085846 0.19606424891273824 0.0865793091359686 0.07863492515463037
0 0.6383000186560499 0.2327029927038204 0.09784435775648763 0.08577774545807211
0 0.5502987296464694 0.2751931237678062 0.09932497060135788 0.08434279121570665
0 0.84064376865605 0.2161858170901481 0.09159435775648746 0.08526756242753404
0 0.7579474553362099 0.25510453800241295 0.09455558344622794 0.08239765394280311
0 0.6744698920163698 0.29408703179349516 0.09299308344622811 0.08227010818516849
0 0.5902110786965297 0.33313329846339457 0.09611808344622812 0.08252519970043756
0 0.875210198438805 0.2769161519374574 0.09603619629109836 0.08096269970043757
0 0.7932132479638352 0.314208599970905 0.09118492198083886 0.07745506242753394
0 0.710516934643995 0.3531273208831699 0.08814180913596861 0.07876247091226496
0 0.6233378392119793 0.3963349290683384 0.08830558344622812 0.08188747091226496
0 0.2732106071906607 0.2577974271114844 0.0996525192218769 0.09059279121570665
0 0.2007900525772479 0.3131383734779421 0.10253185775648763 0.08616038273097573
0 0.12746541723114044 0.3661993427232171 0.10137879353213637 0.09384533697334119
0 0.061212975462597886 0.4194676060591366 0.08262879353213634 0.0923147878817268
0 0.3314225768875074 0.3056133027154584 0.10582063206674715 0.08954047424624481
0 0.25669921585165945 0.36192681771836793 0.10565685775648763 0.08641547424624481
0 0.18419677408311688 0.41570526408482555 0.09948874491161738 0.08746779121570665
0 0.10712966304726894 0.4722100977241869 0.10746501922187686 0.09123052000387925
0 0.3913198773170487 0.3556453825617979 0.10269563206674714 0.08928538273097572
0 0.3148702419709413 0.4089614433223419 0.10105124491161739 0.0875953369733411
0 0.24244968735752845 0.4643023896887996 0.09784435775648763 0.08577774545807201
0 0.1669450763216805 0.5206796775705264 0.1026137449116173 0.08772288273097573
0 0.44562559701389537 0.4037801225598582 0.10269563206674714 0.08928538273097572
0 0.3730412680902231 0.4559960689263159 0.09957063206674714 0.08903029121570664
0 0.3006616570543751 0.5121182652927736 0.10113313206674715 0.08915783697334127
0 0.2257745217082677 0.565306780295683 0.10425813206674706 0.08941292848861018
0 0.5044550424004826 0.4484072252850149 0.10113313206674715 0.08915783697334127
0 0.43219826209732926 0.5068731716514726 0.09315685775648763 0.08539510818516849
0 0.35887362675122186 0.5599341408967475 0.09768058344622813 0.08265274545807219
0 0.2833690157153739 0.6163114287784743 0.10442190637700666 0.09253792848861017
0 0.6987716084338562 0.4733440970959671 0.0963637449116174 0.08721269970043757
0 0.6584608689493058 0.5425403783097341 0.09948874491161738 0.08746779121570665
0 0.6164647987320606 0.6095204552811355 0.09948874491161738 0.08746779121570665
0 0.5730700028250751 0.6797530780101717 0.10269563206674696 0.08928538273097572
0 0.5281127069180895 0.7501132464968422 0.10269563206674696 0.08928538273097572
0 0.7805505529159322 0.4917754905777885 0.10285940637700666 0.09241038273097572
0 0.7373195313192061 0.5651331133068245 0.09948874491161738 0.08746779121570683
0 0.6928978239468313 0.6307420089146779 0.09957063206674696 0.08903029121570682
0 0.6510245844622808 0.7000658358860794 0.1027775192218769 0.09084788273097573
0 0.6045866757104251 0.7721160501303845 0.10425813206674697 0.08941292848861018
0 0.8602314088633974 0.5150857026960617 0.10598440637700648 0.0926654742462448
0 0.816055362956412 0.5853820983039151 0.09957063206674732 0.08903029121570664
0 0.775580849161602 0.651453379517682 0.09940685775648764 0.08590529121570664
0 0.7321860532546165 0.7216860022467181 0.10105124491161739 0.08759533697334128
0 0.6871468701925011 0.7904836707333887 0.10261374491161739 0.08772288273097573
0 0.9375275712332979 0.5378059834507868 0.10261374491161739 0.08772288273097573
0 0.8963536945936177 0.605503537543371 0.10137879353213641 0.09384533697334127
0 0.8544804551090672 0.6748273645147724 0.10105124491161739 0.08759533697334128
0 0.8094822156245168 0.7444062830014431 0.10105124491161739 0.08759533697334128
0 0.7660464761399665 0.8138576557304791 0.1012150192218769 0.09072033697334128