0 0.8683262966774542 0.7131566698153048 0.07126707386326174 0.06042705909355419
0 0.7986859525216529 0.7250824560300415 0.06191934740221221 0.061224284547746775
0 0.7274421980574259 0.739479538002413 0.06515344155801354 0.06772937606301603
0 0.6499620803626742 0.7536055530053225 0.07134889448011297 0.0651145590935542
0 0.8702666720828436 0.6466866469364876 0.06504434740221221 0.06147937606301603
0 0.7951848514659925 0.6574963433029453 0.06186480032431163 0.05809928454774678
0 0.7255445073101912 0.6694221295176821 0.06981366801906326 0.06654951333591956
0 0.6488729131543899 0.6819218716417742 0.07134889448011297 0.0651145590935542
0 0.8659297739492828 0.5822893070882084 0.06027502678536152 0.05640923879011232
0 0.797892840101907 0.5917437975453106 0.05884889448011297 0.06409419303247788
0 0.7298422694850558 0.601979538002413 0.0744738944801128 0.06536965060882309
0 0.6547604488682047 0.6127892343688707 0.06975912094116268 0.06342451333591956
0 0.8670479890462467 0.5182268070882083 0.06348184740221222 0.061351830305381404
0 0.8013957155072962 0.5251462289088589 0.06655230032431163 0.058481921820650484
0 0.728712191968346 0.5326396066388648 0.06504434740221221 0.06147937606301603
0 0.6505462816599205 0.5413606445205915 0.07603639448011297 0.06549719636645772
0 0.8705099541432105 0.4539729884517566 0.060384120941162675 0.06265923879011233
0 0.799457114451636 0.45743257042412794 0.0698954886359143 0.07123701333591956
0 0.7298713173737355 0.46623335663886484 0.06973184740221221 0.06186201333591938
0 0.6533224541432106 0.471701848762957 0.06981366801906326 0.06654951333591956
0 0.43244729789527014 0.7900844133165229 0.0917977621748646 0.07458515394280311
0 0.33657173620687286 0.7854284774110468 0.09503185633066594 0.08109024545807202
0 0.2351319671321494 0.7866877016572916 0.09511367694751698 0.08577774545807201
0 0.1228637922132273 0.7825897462069781 0.10605117694751698 0.08667056576151388
0 0.4588109748427872 0.7099186811943703 0.09659435633066593 0.08121779121570664
0 0.36606041315438986 0.7050076537736252 0.09020798863591431 0.07289510818516849
0 0.26859507792704224 0.7020417636257836 0.09823867694751698 0.08603283697334127
0 0.1587252000860208 0.6946274895390184 0.09985572402541765 0.08928538273097572
0 0.4867371517903042 0.6296254033145832 0.08406708279171564 0.07863492515463033
0 0.39556272687138205 0.6238055801362036 0.08403980925276526 0.07707242515463034
0 0.3005502357998358 0.6143983713519102 0.09204322402541773 0.08864765394280312
0 0.19380535795881434 0.606729005749876 0.1014182240254177 0.08941292848861018
0 0.5122104845820198 0.555773444071248 0.08080571509696384 0.07056733363936125
0 0.42577810674099836 0.5464459836199647 0.08565685633066593 0.08032497091226495
0 0.33158777597787764 0.534631251956854 0.09815685633066593 0.08134533697334127
0 0.22961221875370721 0.521891749081916 0.09829322402541765 0.08915783697334127
0 0.5408088173737354 0.4816663933126436 0.08247730925276535 0.07694487939699587
0 0.455239510149565 0.467587659982543 0.08258640340856652 0.08319487939699588
0 0.360322476464345 0.45271170119824966 0.09678527110331832 0.09215529121570665
0 0.2552491927791249 0.4386647898385808 0.11084777110331831 0.0933032030344176
0 0.6808628474055075 0.36881609376198715 0.07929776217486477 0.0735647878817268
0 0.6184270771129681 0.32554419694618586 0.0808602621748646 0.07369233363936126
0 0.5583486935899037 0.2812997314939327 0.08245003571381489 0.07538237939699588
0 0.48969019683631465 0.2369755177086696 0.0872739034085667 0.0835775166698994
0 0.4226760206995765 0.18783625816577185 0.0950864034085667 0.0842152454580721
0 0.7246907138824433 0.31608983542703745 0.08091480925276535 0.07681733363936125
0 0.6700538068204286 0.27296145982306347 0.07312958279171564 0.07774210485118864
0 0.6067958762194636 0.2320970858860794 0.09031708279171564 0.07914510818516848
0 0.5475669265437751 0.18388259755500902 0.08250458279171564 0.07850737939699584
0 0.47038286363756193 0.1363536354367358 0.10750458279171564 0.08054811151914842
0 0.7747413068204285 0.2644158940615496 0.0761727621748646 0.07330969636645772
0 0.7169930365278891 0.22076135997284468 0.08231366801906326 0.06756987939699588
0 0.6615748794658745 0.17769675724768794 0.0777352621748646 0.07343724212409222
0 0.5984124062512357 0.1313636333107039 0.08091480925276535 0.0768173336393613
0 0.5360448198060721 0.08418548649490257 0.09026253571381489 0.07602010818516851
0 0.8192276923720879 0.2186571128477826 0.07304776217486478 0.07305460485118864
0 0.7638640823879739 0.1724675101226259 0.06986821509696402 0.06967451333591956
0 0.7092544488649095 0.1277766345186519 0.07455571509696383 0.07005715060882314
0 0.6546720888807955 0.08152325891467789 0.07310230925276535 0.07617960485118865
0 0.5891658656661567 0.036695753853364946 0.09026253571381489 0.07339150770672989