0 0.128125 0.2015625 0.06875 0.0515625
0 0.196875 0.196875 0.059375 0.0546875
0 0.26953125 0.1921875 0.0625 0.0609375
0 0.346875 0.18671875 0.06875 0.05625
0 0.125 0.2671875 0.0625 0.0546875
0 0.2 0.265625 0.0609375 0.0515625
0 0.26953125 0.2640625 0.0671875 0.059375
0 0.346875 0.25859375 0.06875 0.05625
0 0.128125 0.3328125 0.05625 0.0484375
0 0.19609375 0.33203125 0.05625 0.059375
0 0.26484375 0.32890625 0.071875 0.05625
0 0.33984375 0.32734375 0.0671875 0.05625
0 0.12578125 0.396875 0.0609375 0.0546875
0 0.19140625 0.39765625 0.0625 0.053125
0 0.2640625 0.3984375 0.0625 0.0546875
0 0.3421875 0.39921875 0.075 0.05625
0 0.12109375 0.4609375 0.059375 0.0546875
0 0.1921875 0.465625 0.06875 0.0640625
0 0.26171875 0.46484375 0.0671875 0.0546875
0 0.3375 0.46875 0.0671875 0.059375
0 0.565625 0.1765625 0.0875 0.0640625
0 0.66015625 0.19140625 0.090625 0.0703125
0 0.76171875 0.20234375 0.090625 0.0765625
0 0.8734375 0.21875 0.1015625 0.075
0 0.5359375 0.2515625 0.0921875 0.0703125
0 0.62890625 0.26875 0.0859375 0.0640625
0 0.7265625 0.28203125 0.09375 0.0765625
0 0.8359375 0.303125 0.0984375 0.078125
0 0.5078125 0.32890625 0.0828125 0.06875
0 0.5984375 0.346875 0.0796875 0.06875
0 0.69453125 0.3671875 0.0875 0.078125
0 0.7984375 0.38671875 0.0984375 0.078125
0 0.48046875 0.4 0.078125 0.0625
0 0.56640625 0.421875 0.0828125 0.0703125
0 0.66015625 0.44375 0.09375 0.0703125
0 0.7625 0.46875 0.0953125 0.078125
0 0.45 0.471875 0.0796875 0.06875
0 0.5359375 0.49609375 0.0796875 0.075
0 0.6296875 0.52265625 0.0921875 0.0796875
0 0.73515625 0.5484375 0.1078125 0.0828125
0 0.309375 0.56875 0.0765625 0.0671875
0 0.37109375 0.61796875 0.078125 0.0640625
0 0.43046875 0.6703125 0.0796875 0.0671875
0 0.496875 0.72265625 0.084375 0.075
0 0.565625 0.7796875 0.0921875 0.075
0 0.265625 0.61640625 0.078125 0.06875
0 0.31953125 0.665625 0.06875 0.0703125
0 0.38125 0.7140625 0.0859375 0.06875
0 0.4390625 0.76953125 0.078125 0.0703125
0 0.51484375 0.825 0.103125 0.06875
0 0.2140625 0.6625 0.071875 0.0671875
0 0.2703125 0.7125 0.0796875 0.059375
0 0.3265625 0.76171875 0.075 0.0671875
0 0.38671875 0.815625 0.078125 0.06875
0 0.4484375 0.8703125 0.0875 0.06875
0 0.1703125 0.70234375 0.0703125 0.0640625
0 0.22265625 0.7546875 0.0671875 0.0609375
0 0.2765625 0.8078125 0.071875 0.0609375
0 0.33125 0.86015625 0.06875 0.06875
0 0.39453125 0.9140625 0.0859375 0.0671875