0 0.7151600462624603 0.7553662818413069 0.060916516039128864 0.05113016046291676
0 0.6616845928386877 0.7474231951997078 0.05260336829088228 0.042953787427387445
0 0.6056651303156164 0.7362459466474499 0.05935401603912886 0.051057385855810725
0 0.5511581030177205 0.7243602227022977 0.06081638648947969 0.04956766046291676
0 0.7162626688722794 0.7117982183590715 0.05739099784053181 0.044734611248705036
0 0.6641995211240328 0.7015841563245784 0.05300388648947951 0.049203787427387444
0 0.6106239381506108 0.6920785696829792 0.05602875693983034 0.047786836641599176
0 0.5562170404023642 0.681755345737827 0.055828497840531635 0.04466183664159917
0 0.7190279210317476 0.6698654294839421 0.05270349784053163 0.044516287427387446
0 0.6684772085086764 0.6589428920565548 0.05759125693983034 0.04785961124870504
0 0.6148014959856052 0.6478748054149556 0.05270349784053163 0.044516287427387446
0 0.5635195982373585 0.6376971306840151 0.05769138648947969 0.049422111248705033
0 0.7224742936415667 0.6264065279123655 0.05602875693983034 0.047786836641599176
0 0.6727048311184954 0.615520377788531 0.05739099784053163 0.044734611248705036
0 0.6213228038205995 0.6037802030575907 0.05759125693983034 0.04785961124870504
0 0.5654535356220022 0.5949467045053327 0.05602875693983016 0.047786836641599176
0 0.7260708605758597 0.585291376340789 0.05602875693983016 0.047786836641599176
0 0.6755201480527884 0.5743688389134015 0.05124112739018098 0.046006012820281585
0 0.6266821298541911 0.56586282609312 0.05779151603912887 0.050984611248705035
0 0.5705124730066459 0.552341827540862 0.05915375693983034 0.04793238585581072
0 0.4125066131967533 0.6999873072769823 0.06756703423772628 0.05767125889134021
0 0.35329229950166285 0.6754196468140655 0.07059190468807693 0.056254308105551945
0 0.29480917103174764 0.6501071236547018 0.07039164558877822 0.05312930810555194
0 0.22881393121078047 0.6291182274598087 0.07684190468807692 0.05654540653397522
0 0.43079673580657235 0.6572197644729114 0.06726664558877822 0.052983758891340216
0 0.3739261721114818 0.6327612659206535 0.06882914558877821 0.0530565334984459
0 0.3172058027408653 0.6106465173683956 0.06570414558877821 0.05291098428423417
0 0.2502791185954242 0.5872774838699495 0.0802672933370249 0.06137845574818694
0 0.4505992936415667 0.6137437462759463 0.06590440468807693 0.056035984284234175
0 0.39685372994647616 0.5894307969379001 0.06580427513842757 0.054473484284234173
0 0.339452240125509 0.5688421610820893 0.07059190468807693 0.056254308105551945
0 0.27872549120524315 0.5449829760120666 0.07215440468807692 0.05632708271265763
0 0.4698709253506843 0.5741375907754284 0.06570414558877821 0.05291098428423417
0 0.41685654688076923 0.549079778740935 0.06257914558877822 0.052765435070022626
0 0.361798807059802 0.528600304795783 0.06277940468807693 0.05589043507002263
0 0.30004048426541285 0.5007984824222074 0.07391716378737563 0.05952485731976367
0 0.4915363718346266 0.5354218471855692 0.05965440468807692 0.05574488585581072
0 0.43710968768918546 0.51263501054397 0.06111677513842757 0.054255160462916764
0 0.3800388648947963 0.48505151199171215 0.06912953423772619 0.0577440334984459
0 0.31774961597453044 0.4611195523145836 0.07850453423772627 0.05818068114108108
0 0.5891134762458483 0.4901158093438969 0.06570414558877821 0.05291098428423417
0 0.5510732557032126 0.4556294933804622 0.059754534237726274 0.0573073858558109
0 0.5143952760612782 0.4180909520241333 0.06444203423772628 0.057525709677128486
0 0.4714672964193438 0.3802613122393811 0.06424177513842758 0.05440070967712849
0 0.4291203076781108 0.33934305975818174 0.06580427513842757 0.054473484284234354
0 0.6266740330011086 0.4684976745215434 0.061216904688076924 0.055817660462916766
0 0.5853085533591742 0.4307408093438969 0.06590440468807693 0.056035984284234175
0 0.5494118237172397 0.393238655291121 0.06454216378737562 0.05908820967712849
0 0.5102899645256561 0.35402845202413336 0.06257914558877822 0.052765435070022626
0 0.46882435533407235 0.3147090868464869 0.06434190468807692 0.0559632096771284
0 0.6657470249815441 0.44617106430629566 0.06404151603912886 0.05127570967712849
0 0.6249625362403111 0.4053255864322022 0.061016645588778215 0.05269266046291676
0 0.5868722509228507 0.37005802046876746 0.061016645588778215 0.05269266046291676
0 0.5453065121816176 0.32917615529112104 0.06424177513842758 0.05440070967712849
0 0.5095099120893325 0.29323650123834505 0.06257914558877822 0.052765435070022626
0 0.696026007862681 0.4203191937519658 0.05642927513842757 0.054036836641599174
0 0.6585167134459219 0.38196301509208397 0.06267927513842757 0.05432793507002263
0 0.6226199838039875 0.34446086103930806 0.05789164558877822 0.052547111248705036
0 0.5860921984865272 0.30926606968297915 0.06726664558877822 0.052983758891340126
0 0.5429138949704695 0.2675301798982269 0.06902940468807692 0.05618153349844608