0 0.07920713817118255 0.6755442074469444 0.09192190637700659 0.08641158510611113
0 0.16953888907569373 0.6976900047496526 0.0995706320667471 0.0834684230620141
0 0.26365405924751023 0.7174011330744096 0.10762879353213632 0.08833776101791671
0 0.3634426973071511 0.7408912248300344 0.09809001922187681 0.08499455547083343
0 0.09895971619034372 0.604686193579236 0.09792624491161735 0.08186955547083344
0 0.18435830562946562 0.6222535936554859 0.10129690637700657 0.0866297906531944
0 0.2816803629564119 0.6434544867978816 0.09628185775648763 0.08027068787965277
0 0.3775627510160528 0.6670354975314581 0.09660940637700666 0.08652068787965277
0 0.11624571347681027 0.5315389810982986 0.09940685775648758 0.08034342306201392
0 0.20476930291593218 0.5490336459921874 0.10105124491161739 0.0819422906531944
0 0.3005698038204433 0.5710521567257636 0.0963637449116174 0.08183318787965277
0 0.38929811114738955 0.5924530716196525 0.11412445499752569 0.09317073138263901
0 0.13957367084918507 0.46920198204822905 0.08978619629109837 0.07543771751493047
0 0.2255487924004826 0.4828449483288887 0.10261374491161739 0.08197865824437507
0 0.3181014625722991 0.5025924442448261 0.09003185775648763 0.08012521751493047
0 0.4137381891665507 0.5214859549784026 0.09628185775648763 0.08027068787965277
0 0.15800941033373547 0.40306783577170124 0.09291119629109831 0.0755104526972918
0 0.24472483830746813 0.41591136825677066 0.09143058344622812 0.07703658510611114
0 0.33398873416902514 0.43260659935506923 0.09323874491161739 0.08176045269729179
0 0.42493796076327683 0.4516092128621872 0.09143058344622794 0.07703658510611114
0 0.6089499491161735 0.7836735644014579 0.11140889077317447 0.10091049620027785
0 0.7105943362713033 0.7828721709747216 0.10943695499752551 0.0930616286090972
0 0.8106352798488681 0.781325895139166 0.10795634215265544 0.0945877610179167
0 0.9209143605815626 0.7811057299609367 0.12045634215265508 0.09487870174736113
0 0.5959342927391669 0.6994985861529509 0.11083568068726599 0.08997299620027785
0 0.6943308491616019 0.6964261779085759 0.112398180687266 0.09000936379145834
0 0.7952349298942967 0.69642421827743 0.11083568068726599 0.08997299620027785
0 0.9002909220923805 0.7010188396683326 0.12341756784239592 0.09182643692972228
0 0.5834099592929387 0.624698607904444 0.1105900192218769 0.08528549620027785
0 0.6785996285602441 0.6201364348424301 0.1041762449116174 0.08201502583555573
0 0.7748571528705036 0.6210248279848257 0.11363313206674715 0.083795731382639
0 0.8757612336031982 0.6210228683536798 0.11083568068726599 0.08997299620027785
0 0.5684599886915809 0.5483906810427079 0.10730124491161738 0.0820877610179167
0 0.6622918758467107 0.5477711255718745 0.10894563206674697 0.08368662860909737
0 0.7544793758467107 0.5456254376922216 0.10573874491161739 0.08205139342673622
0 0.8553834565794054 0.5456234780610757 0.1105900192218769 0.08528549620027785
0 0.5529744295556123 0.476788437976562 0.1012150192218769 0.0850672906531944
0 0.6466834859780475 0.4738251325057286 0.09957063206674714 0.0834684230620141
0 0.7405563167107421 0.47398682703489514 0.10129690637700647 0.0866297906531944
0 0.8391575910210015 0.4748206687905201 0.10927318068726635 0.08993662860909737
0 0.4189568764125376 0.35240864665777744 0.10105124491161739 0.08194229065319458
0 0.4957307383528967 0.32480901709874954 0.09940685775648746 0.08034342306201392
0 0.5726274310259504 0.29955313753972174 0.10253185775648763 0.08041615824437506
0 0.6470984865438744 0.27278930936746476 0.09784435775648763 0.08030705547083343
0 0.7231729856393632 0.24677036360402718 0.09784435775648763 0.08030705547083343
0 0.3753020516727367 0.2955417040284719 0.10113313206674705 0.08350479065319458
0 0.4545424943457904 0.27023127308267325 0.09940685775648764 0.08034342306201392
0 0.5282732434412793 0.24426687870600655 0.09480124491161739 0.08179682028847228
0 0.602085879691898 0.2198649843293398 0.09307497060135787 0.0786354526972917
0 0.6766388223649515 0.19466365615708278 0.09619997060135788 0.07870818787965286
0 0.3341547512431954 0.24174521001239552 0.10105124491161739 0.08194229065319458
0 0.4085439196059896 0.21341888184013857 0.09291119629109837 0.0755104526972918
0 0.483219693011738 0.19056130366788154 0.09299308344622811 0.07707295269729175
0 0.5601573292623566 0.16608667410885372 0.09595430913596843 0.07402068787965285
0 0.6315852719354103 0.14095808111895783 0.10368492198083885 0.07264002583555565
0 0.293829644391219 0.18871178220072893 0.09291119629109837 0.0755104526972917
0 0.3675603934867078 0.1627473878240622 0.09159435775648754 0.08016158510611118
0 0.44055083615976154 0.13758242724298575 0.0912668091359686 0.07391158510611118
0 0.5152266095655099 0.11472484907072875 0.0943918091359686 0.07398432028847228
0 0.5890392458161285 0.09032295469406201 0.09430992198083885 0.0724218202884723