0 0.33077159303214854 0.26011366346476317 0.06717077962517112 0.05694722099021767
0 0.3881892879384414 0.2700732214137407 0.05931281551854841 0.054929694681858446
0 0.44558425079142283 0.2792515293627182 0.06082985141192587 0.05345819994353027
0 0.5053229636444042 0.28829332941918795 0.06243781551854859 0.0551117052052021
0 0.3258400521242063 0.30579018451145057 0.056142351411925785 0.0531851841585147
0 0.3800872829238765 0.3143692529837717 0.06230142319868044 0.0504242052052021
0 0.4367464598834806 0.3251555635635852 0.05761392319868044 0.05015118942018652
0 0.495703922736462 0.33424286625089084 0.056005959092057724 0.0484976841585147
0 0.31849656505633006 0.34925946345064574 0.05444345909205772 0.04840667889684287
0 0.3719170817493775 0.3563215345538029 0.05761392319868044 0.05015118942018652
0 0.42703649076229294 0.36798010039528817 0.05761392319868044 0.05015118942018652
0 0.48755645361527444 0.37697639782092196 0.05292642319868044 0.049878173635170955
0 0.3079826138818311 0.3913482529131846 0.05765938730530316 0.051713689420186525
0 0.36376961262818985 0.39905506612383396 0.06252874373179385 0.0582367052052021
0 0.4196930036944167 0.4114493793344833 0.06078438730530315 0.05189569994353036
0 0.4794544486007095 0.4212724293909531 0.05761392319868044 0.05015118942018652
0 0.29903116270733215 0.4333460371140516 0.05765938730530316 0.051713689420186525
0 0.357298303773559 0.4456038424321932 0.05448892319868044 0.04996917889684287
0 0.4123495166265404 0.45491865827367856 0.06082985141192587 0.05345819994353036
0 0.47059392563945596 0.4663952135918201 0.05770485141192587 0.053276189420186526
0 0.6463033163099713 0.31921085849955744 0.06101170783841638 0.05970819994353027
0 0.7009142599626228 0.34028992697187865 0.06252874373179385 0.0582367052052021
0 0.7547212215619631 0.3606332480750358 0.06087531551854841 0.055020699943530274
0 0.8132156831613033 0.38070355339317735 0.06877874373179402 0.05860072625188959
0 0.6240024189755383 0.3596384374246352 0.062392351411925874 0.0535492052052021
0 0.6762923446815012 0.3816352637894641 0.06556281551854841 0.05529371572854576
0 0.7309032883341529 0.4027143322617854 0.06243781551854859 0.0551117052052021
0 0.7870085358268704 0.4213586454724346 0.06413670783841638 0.05989021046687384
0 0.597772539587794 0.3995122795038925 0.06395485141192588 0.05364021046687393
0 0.6508209832404456 0.42068235323788555 0.06556281551854859 0.05529371572854593
0 0.7077756768930972 0.441624913817699 0.06717077962517112 0.05694722099021767
0 0.76319060259906 0.46343972965918423 0.0640003155185486 0.05520271046687384
0 0.5738636781467383 0.4384683636906422 0.06395485141192588 0.05364021046687384
0 0.6277615679593239 0.4619366847937993 0.06078438730530315 0.05189569994353036
0 0.6831310295586641 0.4821890006352845 0.06556281551854841 0.05529371572854576
0 0.7377419732113157 0.5032680691076058 0.06404577962517113 0.05676521046687384
0 0.5515855128656166 0.47967719261571984 0.0640457796251713 0.05676521046687384
0 0.6054152065182683 0.500801763718877 0.06409124373179384 0.058327710466874017
0 0.6592676322242312 0.5227075848220342 0.06560827962517113 0.05685621572854575
0 0.7154638079301942 0.5444768980326835 0.0673071719450391 0.061634720990217676
0 0.44102609758449507 0.5260278188252571 0.07038670783841638 0.06025423151356133
0 0.481157004090128 0.5604714372834608 0.06243781551854859 0.0551117052052021
0 0.5189896247023837 0.5966140636341724 0.06404577962517113 0.05676521046687384
0 0.5568222453146395 0.6327566899848839 0.06243781551854859 0.0551117052052021
0 0.5993423659268953 0.6686263005505799 0.0704321719450391 0.061816731513561506
0 0.39641829123714667 0.5528857214137407 0.06400031551854841 0.055202710466874014
0 0.4365946618494023 0.5888918398719445 0.06087531551854859 0.05502069994353036
0 0.4767255683550354 0.6233354583301483 0.06092077962517113 0.05658319994353036
0 0.5153621710206024 0.6602138320500238 0.06404577962517113 0.05676521046687384
0 0.5586862736861693 0.6968191899848839 0.07194920783841638 0.06034523677523325
0 0.3565207169431096 0.5802518582172087 0.062483279625171126 0.0566742052052021
0 0.39515731960867656 0.6171302319370844 0.0655628155185485 0.05529371572854593
0 0.43446151200768685 0.650056853026124 0.06560827962517131 0.05685621572854575
0 0.4722941326199425 0.6861994793768356 0.06395485141192588 0.05364021046687402
0 0.5124932352855096 0.7229868478350394 0.0702957796251713 0.05712923151356133
0 0.3110634644358271 0.6048115134365283 0.0702503155185485 0.05556673151356151
0 0.35365178120801677 0.6430248740022243 0.0624378155185485 0.0551117052052021
0 0.38987643771364977 0.6776960056146077 0.06082985141192587 0.05345819994353036
0 0.43244202243252816 0.7151281161803037 0.0670798514119257 0.053822220990217676
0 0.47098769688484976 0.7488814899001793 0.06560827962517131 0.056856215728545934